B73V4_ctg182	473177	474677	2	6
B73V4_ctg31	235238	236738	0	0
B73V4_ctg31	431457	432957	0	0
B73V4_ctg31	609925	611425	0	0
B73V4_ctg31	722973	724473	2	0
B73V4_ctg193	378165	379665	2	2
B73V4_ctg75	175002	176502	2	0
B73V4_ctg50	8735	10235	30	207
B73V4_ctg50	206558	208058	11	35
B73V4_ctg107	35639	37139	4	6
B73V4_ctg58	9359	10859	3	6
2	177448	178948	23	51
2	742400	743900	10	20
2	2016037	2017537	682	1014
2	2079169	2080669	1820	4423
2	3542770	3544270	10	27
2	3999536	4001036	2	2
2	4072422	4073922	4	34
2	6421454	6422954	50	186
2	6429243	6430743	5	8
2	7082640	7084140	2	4
2	7091558	7093058	6	0
2	7109526	7111026	0	2
2	7194265	7195765	0	5
2	7398561	7400061	82	148
2	7832348	7833848	2	2
2	8126537	8128037	4	7
2	9542623	9544123	12	18
2	10103632	10105132	0	4
2	10772554	10774054	0	2
2	10772554	10774054	0	2
2	11315558	11317058	9	20
2	11914378	11915878	6	16
2	12411185	12412685	0	4
2	13186123	13187623	2	4
2	13292936	13294436	0	6
2	14925777	14927277	64	48
2	14925777	14927277	64	48
2	14989724	14991224	16	6
2	18051308	18052808	1	2
2	19500404	19501904	0	0
2	19508745	19510245	0	6
2	19812187	19813687	18	129
2	21113078	21114578	4	3
2	22578624	22580124	2	2
2	25552075	25553575	2	6
2	28309098	28310598	1	4
2	28349907	28351407	2	6
2	28867224	28868724	0	10
2	29022725	29024225	6	4
2	30388110	30389610	0	3
2	34081269	34082769	46	80
2	34081269	34082769	46	80
2	36693332	36694832	2	7
2	36693332	36694832	2	7
2	36790095	36791595	2	4
2	36829376	36830876	6	16
2	39106875	39108375	0	4
2	42048274	42049774	6	2
2	42798774	42800274	0	0
2	42806020	42807520	0	2
2	43020279	43021779	12	26
2	43298785	43300285	2	2
2	45549195	45550695	2	4
2	45755536	45757036	0	2
2	46026129	46027629	2	0
2	46554082	46555582	2	2
2	48070852	48072352	0	8
2	48490685	48492185	4	6
2	49331907	49333407	2	0
2	52843916	52845416	4	0
2	53275732	53277232	2	4
2	56420682	56422182	6	4
2	56544662	56546162	4	0
2	56683407	56684907	4	2
2	57480607	57482107	36	144
2	58174487	58175987	59	188
2	59360528	59362028	0	0
2	59473194	59474694	0	2
2	59561114	59562614	0	2
2	60523040	60524540	0	4
2	60528115	60529615	0	2
2	60751443	60752943	16	151
2	62254456	62255956	5	38
2	63036524	63038024	8	8
2	73461353	73462853	4	4
2	95787123	95788623	2	2
2	106629900	106631400	6	2
2	114011780	114013280	56	475
2	117907880	117909380	4	4
2	129375861	129377361	0	2
2	129859948	129861448	2	0
2	149610755	149612255	2	2
2	150215929	150217429	2	0
2	156886822	156888322	2	6
2	158563427	158564927	16	12
2	160459364	160460864	2	6
2	161146291	161147791	2	6
2	162402445	162403945	2	4
2	170424943	170426443	5	4
2	170424943	170426443	5	4
2	171097470	171098970	0	0
2	174389971	174391471	52	77
2	174868550	174870050	19	10
2	174985381	174986881	14	8
2	175099694	175101194	11	7
2	178205966	178207466	2	0
2	180256896	180258396	4	2
2	180836844	180838344	2	4
2	183370327	183371827	30	58
2	183839300	183840800	2	2
2	185221328	185222828	6	0
2	185945481	185946981	2	7
2	189517235	189518735	2	4
2	190353420	190354920	4	0
2	191722801	191724301	5	8
2	191753966	191755466	2	2
2	194514524	194516024	2	2
2	194930495	194931995	94	300
2	195305607	195307107	0	2
2	197411048	197412548	38	16
2	199482327	199483827	0	4
2	199595576	199597076	2	0
2	199679579	199681079	2	8
2	199694211	199695711	0	0
2	199725020	199726520	0	0
2	200270690	200272190	10	4
2	201772191	201773691	4	29
2	201970885	201972385	0	18
2	203273963	203275463	2	4
2	203273963	203275463	2	4
2	204012576	204014076	37	163
2	204900088	204901588	4	16
2	205252494	205253994	5	36
2	206396414	206397914	38	116
2	206586712	206588212	97	131
2	209239684	209241184	63	20
2	209557257	209558757	3	1
2	210629465	210630965	0	2
2	210668352	210669852	0	2
2	210699847	210701347	14	12
2	210774108	210775608	0	14
2	210776888	210778388	10	21
2	210785469	210786969	2	3
2	210931027	210932527	2	4
2	211378216	211379716	28	28
2	211694233	211695733	10	32
2	212801861	212803361	1	30
2	212878008	212879508	0	2
2	212878008	212879508	0	2
2	213804344	213805844	44	148
2	213901905	213903405	4	0
2	216121021	216122521	12	138
2	216754232	216755732	10	19
2	216852848	216854348	2	6
2	217200427	217201927	2	2
2	218706093	218707593	2	1
2	218756271	218757771	0	4
2	219962606	219964106	0	2
2	219969680	219971180	6	46
2	220618244	220619744	146	348
2	222256319	222257819	1	8
2	222480037	222481537	0	4
2	222820835	222822335	0	2
2	222850311	222851811	0	0
2	222880346	222881846	2	0
2	223333235	223334735	1	0
2	223370157	223371657	0	2
2	223668729	223670229	3	7
2	224901479	224902979	1	0
2	226143198	226144698	28	42
2	226143198	226144698	28	42
2	226143198	226144698	28	42
2	226143198	226144698	28	42
2	226149058	226150558	2	6
2	226812483	226813983	2	4
2	228321442	228322942	4	2
2	232826346	232827846	4	4
2	233657887	233659387	0	4
2	233700984	233702484	16	30
2	234057163	234058663	0	0
2	234179921	234181421	0	0
2	234251951	234253451	0	2
2	234536274	234537774	6	4
2	234659041	234660541	0	0
2	234888355	234889855	0	3
2	235059519	235061019	0	4
2	235080325	235081825	8	0
2	235119767	235121267	2	2
2	235124190	235125690	4	14
2	237525488	237526988	0	2
2	239386045	239387545	4	6
2	239779641	239781141	36	14
2	239910351	239911851	0	0
2	239910351	239911851	0	0
2	240576564	240578064	4	4
2	240685949	240687449	9	14
2	240685949	240687449	9	14
2	241016615	241018115	14	44
2	242377970	242379470	12	72
2	242969554	242971054	6	5
8	5735542	5737042	0	2
8	6177969	6179469	19	72
8	6767030	6768530	6	6
8	8335452	8336952	0	0
8	10985051	10986551	2	14
8	13285218	13286718	4	10
8	14145760	14147260	4	4
8	17876468	17877968	0	8
8	19521820	19523320	2	12
8	20659019	20660519	4	6
8	21986106	21987606	2	9
8	23542542	23544042	2	2
8	24434111	24435611	2	2
8	24527589	24529089	4	6
8	27721101	27722601	20	2
8	30168335	30169835	2	2
8	30231179	30232679	0	2
8	30335947	30337447	2	2
8	33489549	33491049	2	2
8	40752249	40753749	3	9
8	43202651	43204151	2	4
8	67034215	67035715	2	6
8	69412606	69414106	0	2
8	69437967	69439467	4	6
8	70022122	70023622	0	28
8	70192548	70194048	61	377
8	71705838	71707338	0	13
8	71899523	71901023	116	189
8	71899523	71901023	116	189
8	71899523	71901023	116	189
8	71899523	71901023	116	189
8	76222580	76224080	6	4
8	76318744	76320244	54	117
8	77727901	77729401	5	0
8	79795301	79796801	0	6
8	80851615	80853115	12	0
8	81565526	81567026	2	0
8	85386075	85387575	5	6
8	90223127	90224627	26	94
8	93547283	93548783	0	4
8	100026537	100028037	0	2
8	102209184	102210684	0	1
8	103252523	103254023	2	2
8	103922570	103924070	4	8
8	109066495	109067995	8	16
8	114331739	114333239	17	174
8	116263102	116264602	0	2
8	117145840	117147340	2	4
8	117145840	117147340	2	4
8	119100596	119102096	6	100
8	119100596	119102096	6	100
8	120712490	120713990	0	4
8	124960672	124962172	3	2
8	126503141	126504641	15	23
8	126968528	126970028	0	7
8	128622832	128624332	10	4
8	129925981	129927481	2	2
8	134571222	134572722	6	4
8	135486119	135487619	12	10
8	136855323	136856823	8	16
8	143019695	143021195	12	18
8	143294357	143295857	0	4
8	145824712	145826212	10	2
8	145824712	145826212	10	2
8	145824712	145826212	10	2
8	145824712	145826212	10	2
8	148604323	148605823	2	12
8	148710827	148712327	0	2
8	149261360	149262860	2	2
8	149261980	149263480	2	2
8	149540233	149541733	36	89
8	150211252	150212752	2	6
8	151229366	151230866	0	9
8	151680893	151682393	0	2
8	153515587	153517087	0	9
8	154456261	154457761	120	628
8	154720696	154722196	0	6
8	154720696	154722196	0	6
8	154821532	154823032	0	0
8	157270344	157271844	8	28
8	157448729	157450229	0	2
8	160884990	160886490	12	66
8	160884990	160886490	12	66
8	160936042	160937542	0	10
8	161453835	161455335	2	0
8	162781561	162783061	2	10
8	164164212	164165712	0	5
8	164792032	164793532	4	0
8	165303523	165305023	2	0
8	167076414	167077914	10	32
8	167186771	167188271	14	216
8	169432674	169434174	5	16
8	169572763	169574263	5	0
8	170003527	170005027	16	30
8	171426634	171428134	4	37
8	171623819	171625319	0	6
8	171740016	171741516	2	4
8	171872471	171873971	6	16
8	173404551	173406051	0	2
8	173434429	173435929	0	2
8	174730104	174731604	4	2
8	176253330	176254830	0	4
8	176494414	176495914	0	2
8	176840565	176842065	3	1
8	177155652	177157152	6	2
8	177179351	177180851	2	2
8	177410970	177412470	2	3
8	178017736	178019236	0	1
8	178778303	178779803	0	4
8	178789766	178791266	6	6
8	179619170	179620670	96	271
8	179663693	179665193	20	14
8	180901286	180902786	12	12
8	181002795	181004295	6	2
5	683894	685394	5	4
5	974110	975610	0	2
5	1723644	1725144	2	2
5	2197176	2198676	6	10
5	2386556	2388056	0	6
5	3603727	3605227	10	10
5	4446821	4448321	0	4
5	4578714	4580214	2	29
5	4766909	4768409	8	15
5	4784220	4785720	32	119
5	4798703	4800203	0	2
5	5334126	5335626	2	3
5	6395505	6397005	2	8
5	7062277	7063777	0	4
5	7106141	7107641	2	4
5	8684364	8685864	54	157
5	8687085	8688585	8	24
5	8692104	8693604	12	24
5	9979916	9981416	2	0
5	9979916	9981416	2	0
5	10305096	10306596	2	15
5	11711988	11713488	777	553
5	11711988	11713488	777	553
5	11711988	11713488	777	553
5	12263544	12265044	2	4
5	15172513	15174013	0	5
5	15985707	15987207	5	56
5	16905367	16906867	0	4
5	18917646	18919146	0	2
5	19722827	19724327	2	1
5	19722827	19724327	2	1
5	19722827	19724327	2	1
5	24681234	24682734	4	53
5	24982948	24984448	6	0
5	31747054	31748554	2	8
5	33243911	33245411	8	16
5	33243911	33245411	8	16
5	33392733	33394233	2	4
5	34840496	34841996	5	6
5	36894381	36895881	0	2
5	36950998	36952498	1	4
5	40173634	40175134	3	2
5	40173572	40175072	3	2
5	46918169	46919669	2	3
5	54723156	54724656	0	6
5	57811695	57813195	2	6
5	58157672	58159172	4	6
5	60375917	60377417	0	6
5	60842523	60844023	8	56
5	71412258	71413758	22	24
5	72793988	72795488	4	4
5	72793988	72795488	4	4
5	74825736	74827236	134	173
5	82148570	82150070	2	0
5	82558260	82559760	11	2
5	84612521	84614021	12	53
5	84613161	84614661	14	48
5	90559005	90560505	0	2
5	91778347	91779847	18	30
5	99288086	99289586	2	2
5	101151012	101152512	3	7
5	101919417	101920917	0	2
5	103230629	103232129	6	6
5	119712521	119714021	2	2
5	121138511	121140011	4	4
5	125775420	125776920	8	21
5	129628958	129630458	3	3
5	131710250	131711750	2	6
5	133577792	133579292	6	4
5	139187964	139189464	6	4
5	139187964	139189464	6	4
5	144951957	144953457	0	2
5	149303159	149304659	10	4
5	162353770	162355270	0	0
5	162353770	162355270	0	0
5	162373454	162374954	0	2
5	171775072	171776572	0	4
5	172221485	172222985	6	0
5	172221485	172222985	6	0
5	172429915	172431415	2	5
5	174195062	174196562	2	40
5	174492664	174494164	2	20
5	175769561	175771061	28	58
5	176186350	176187850	4	2
5	177559915	177561415	4	2
5	178249405	178250905	2	6
5	178413694	178415194	5	4
5	179257997	179259497	0	2
5	179286635	179288135	0	6
5	179319080	179320580	0	6
5	179612479	179613979	2	8
5	179674631	179676131	6	6
5	179685531	179687031	0	2
5	180146979	180148479	28	207
5	180253066	180254566	14	40
5	180643525	180645025	2	9
5	186380983	186382483	2	0
5	186380983	186382483	2	0
5	186621992	186623492	13	14
5	187976774	187978274	26	126
5	188031923	188033423	6	7
5	188031923	188033423	6	7
5	190059998	190061498	58	412
5	190329985	190331485	0	6
5	192251459	192252959	0	14
5	192890118	192891618	3	4
5	193002085	193003585	5	3
5	193677966	193679466	12	148
5	193778241	193779741	8	12
5	195712907	195714407	8	6
5	196856757	196858257	1	6
5	198699069	198700569	0	9
5	198928090	198929590	0	2
5	204701970	204703470	295	858
5	204909256	204910756	2	6
5	205459032	205460532	2	65
5	206384460	206385960	1	2
5	207368388	207369888	0	6
5	207368388	207369888	0	6
5	207746174	207747674	5	11
5	207746174	207747674	5	11
5	209708830	209710330	0	8
5	210049144	210050644	2	5
5	210408618	210410118	219	298
5	210408618	210410118	219	298
5	210408618	210410118	219	298
5	210905424	210906924	6	6
5	211153633	211155133	4	12
5	211353597	211355097	28	519
5	212217438	212218938	0	8
5	212349402	212350902	15	14
5	212542656	212544156	8	17
5	213455837	213457337	44	2
5	213455837	213457337	44	2
5	213832777	213834277	2	4
5	213911954	213913454	0	20
5	213911954	213913454	0	20
5	215694788	215696288	4	2
5	215871143	215872643	32	386
5	217839006	217840506	0	5
5	217873492	217874992	12	0
5	218241913	218243413	3	0
5	218241913	218243413	3	0
5	218484327	218485827	0	8
5	218513190	218514690	5	16
5	218887425	218888925	29	108
5	220208669	220210169	2	6
5	220208669	220210169	2	6
5	220386869	220388369	2	8
5	222519854	222521354	8	0
7	179280	180780	4	6
7	1422394	1423894	18	26
7	5052891	5054391	194	194
7	5407914	5409414	4	4
7	6249690	6251190	0	4
7	7666748	7668248	0	0
7	9551119	9552619	0	4
7	9660940	9662440	0	2
7	14092201	14093701	1	2
7	14950783	14952283	0	6
7	15002334	15003834	2	5
7	15023112	15024612	2	0
7	23592426	23593926	4	2
7	23982369	23983869	2	0
7	24039356	24040856	0	6
7	24100882	24102382	2	4
7	24210071	24211571	18	9
7	24335969	24337469	2	0
7	24362166	24363666	0	0
7	24772323	24773823	0	4
7	24822100	24823600	4	6
7	25503349	25504849	6	3
7	25853262	25854762	9	26
7	26454707	26456207	0	5
7	28311563	28313063	0	7
7	28311563	28313063	0	7
7	28396796	28398296	0	4
7	28396796	28398296	0	4
7	32689335	32690835	11	6
7	32689335	32690835	11	6
7	32720365	32721865	4	1
7	32720365	32721865	4	1
7	34350038	34351538	2	6
7	39336832	39338332	20	47
7	42143201	42144701	0	12
7	45125970	45127470	2	2
7	49657253	49658753	4	22
7	53177504	53179004	4	8
7	56703072	56704572	2	8
7	56704120	56705620	0	2
7	73734628	73736128	2	16
7	84826006	84827506	8	4
7	84826006	84827506	8	4
7	84826006	84827506	8	4
7	84826006	84827506	8	4
7	85869719	85871219	4	5
7	91756559	91758059	10	11
7	92289930	92291430	2	7
7	95428098	95429598	2	6
7	101294370	101295870	6	3
7	103376384	103377884	18	49
7	103376384	103377884	18	49
7	110061379	110062879	2	16
7	111239634	111241134	46	236
7	113488952	113490452	26	38
7	113488952	113490452	26	38
7	113768640	113770140	1	0
7	114146175	114147675	0	5
7	119112750	119114250	6	32
7	119139649	119141149	2	2
7	125485269	125486769	2	7
7	129696273	129697773	8	6
7	131951446	131952946	6	12
7	133989554	133991054	2	0
7	135063149	135064649	5	38
7	135137697	135139197	2	2
7	135224289	135225789	128	146
7	136237439	136238939	2	2
7	136608178	136609678	5	2
7	136821940	136823440	2	5
7	139304004	139305504	2	4
7	140787218	140788718	2	6
7	143315001	143316501	2	8
7	144660831	144662331	4	4
7	144744403	144745903	12	9
7	144826166	144827666	6	10
7	144973002	144974502	0	4
7	145560993	145562493	4	0
7	146462525	146464025	6	5
7	146808739	146810239	194	635
7	147033121	147034621	0	8
7	147802103	147803603	2	0
7	148227442	148228942	2	2
7	149166346	149167846	2	4
7	149166346	149167846	2	4
7	149919582	149921082	1	1
7	150664799	150666299	15	196
7	151508562	151510062	0	8
7	152278988	152280488	8	9
7	152283780	152285280	34	163
7	152283780	152285280	34	163
7	152283780	152285280	34	163
7	152283780	152285280	34	163
7	153198445	153199945	2	4
7	153198445	153199945	2	4
7	153735670	153737170	68	169
7	154608186	154609686	34	114
7	159931805	159933305	12	20
7	159949207	159950707	15	0
7	160003431	160004931	8	6
7	160003431	160004931	8	6
7	160060159	160061659	4	6
7	160072985	160074485	2	2
7	160141814	160143314	2	4
7	160141814	160143314	2	4
7	160353117	160354617	4	7
7	160353117	160354617	4	7
7	160475426	160476926	2	6
7	160740699	160742199	4	4
7	160751742	160753242	4	2
7	160892540	160894040	0	58
7	160895082	160896582	58	106
7	161514015	161515515	10	18
7	161520289	161521789	15	63
7	161581576	161583076	4	2
7	161872496	161873996	26	50
7	162637339	162638839	88	191
7	162968080	162969580	88	121
7	162968080	162969580	88	121
7	162968080	162969580	88	121
7	162968080	162969580	88	121
7	163139126	163140626	0	2
7	164318961	164320461	46	124
7	165563567	165565067	2	2
7	165563567	165565067	2	2
7	165576821	165578321	2	7
7	165576821	165578321	2	7
7	165738934	165740434	256	484
7	165801064	165802564	0	7
7	167520571	167522071	0	0
7	167542499	167543999	17	236
7	168433937	168435437	8	25
7	170209482	170210982	10	9
7	170257180	170258680	2	19
7	170515125	170516625	10	10
7	171983109	171984609	28	92
7	173625982	173627482	4	4
7	174086849	174088349	6	8
7	174143904	174145404	8	22
7	176670689	176672189	0	3
7	177709234	177710734	4	2
7	177954827	177956327	4	3
7	178738582	178740082	61	307
7	178852695	178854195	0	4
7	178944426	178945926	2	2
7	179556768	179558268	2	4
7	179787793	179789293	2	7
7	180145938	180147438	2	0
10	1503454	1504954	80	157
10	2426920	2428420	0	2
10	2965282	2966782	3	7
10	3593888	3595388	8	5
10	3994907	3996407	5	0
10	4070443	4071943	4	0
10	4124973	4126473	0	4
10	5105405	5106905	0	0
10	5285289	5286789	306	266
10	7563753	7565253	0	8
10	8016877	8018377	6	10
10	8016877	8018377	6	10
10	8727526	8729026	2	0
10	8730664	8732164	0	3
10	12868435	12869935	2	4
10	14447534	14449034	11	10
10	15331881	15333381	2	6
10	16576449	16577949	2	10
10	23896877	23898377	2	10
10	24290269	24291769	4	0
10	27250530	27252030	4	28
10	30971520	30973020	0	0
10	34699590	34701090	5	4
10	35448339	35449839	2	4
10	54997993	54999493	2	0
10	62299386	62300886	6	4
10	62299386	62300886	6	4
10	65517390	65518890	7	24
10	70586619	70588119	6	11
10	72864516	72866016	4	6
10	78548979	78550479	4	5
10	81458381	81459881	4	0
10	81458381	81459881	4	0
10	82003050	82004550	0	2
10	85511546	85513046	4	0
10	86741634	86743134	0	2
10	88835429	88836929	2	14
10	96362816	96364316	0	2
10	99638054	99639554	110	795
10	99971964	99973464	1	4
10	100050822	100052322	3	5
10	100774778	100776278	2	4
10	100954562	100956062	2	5
10	107144055	107145555	10	6
10	113483576	113485076	6	10
10	114254787	114256287	3	1
10	114820825	114822325	0	4
10	116548727	116550227	0	2
10	116548873	116550373	0	2
10	116604564	116606064	0	5
10	116640632	116642132	2	4
10	116724257	116725757	4	0
10	116752273	116753773	0	2
10	116782797	116784297	0	0
10	116791123	116792623	4	2
10	116811849	116813349	0	0
10	117440376	117441876	2	8
10	118719492	118720992	2	2
10	118859426	118860926	1	4
10	119205379	119206879	0	4
10	122016771	122018271	0	5
10	124638036	124639536	0	0
10	124661704	124663204	0	0
10	125209197	125210697	2	0
10	126531742	126533242	2	4
10	127575454	127576954	0	4
10	127933025	127934525	2	10
10	128027034	128028534	0	4
10	128027034	128028534	0	4
10	128990244	128991744	4	5
10	129044322	129045822	50	134
10	129044322	129045822	50	134
10	129144379	129145879	5	2
10	133769670	133771170	35	243
10	133769670	133771170	35	243
10	133771841	133773341	218	127
10	133771841	133773341	218	127
10	135683027	135684527	0	3
10	137509088	137510588	0	7
10	139062429	139063929	45	339
10	139507405	139508905	2	4
10	139927442	139928942	4	9
10	140369348	140370848	0	4
10	142080322	142081822	0	2
10	143239136	143240636	5	0
10	143239136	143240636	5	0
10	143282973	143284473	163	425
10	143282973	143284473	163	425
10	143576212	143577712	2	25
10	144090288	144091788	0	4
10	144821603	144823103	2	2
10	144822842	144824342	0	0
10	145318669	145320169	6	54
10	145901092	145902592	0	2
10	147772947	147774447	8	11
10	148668998	148670498	1443	1647
10	148714856	148716356	114	147
10	149244574	149246074	90	178
10	149492855	149494355	2	4
10	149623540	149625040	25	31
10	149757692	149759192	3	20
10	149757692	149759192	3	20
10	150049330	150050830	2	8
1	3959300	3960800	5	8
1	3959300	3960800	5	8
1	4135119	4136619	11	36
1	5614449	5615949	7	6
1	5662589	5664089	64	219
1	6328280	6329780	2	4
1	8117784	8119284	2	0
1	9118707	9120207	6	16
1	9450166	9451666	4	8
1	11595160	11596660	3	4
1	11595160	11596660	3	4
1	12371491	12372991	6	6
1	12501776	12503276	6	24
1	12501776	12503276	6	24
1	13808656	13810156	15	22
1	15762100	15763600	4	2
1	16139364	16140864	4	6
1	19022016	19023516	0	5
1	20411313	20412813	3	164
1	20411313	20412813	3	164
1	22612735	22614235	20	31
1	22740421	22741921	0	18
1	26529325	26530825	2	3
1	27827418	27828918	2	8
1	28642386	28643886	5	54
1	32273660	32275160	6	6
1	32503276	32504776	4	16
1	32949799	32951299	4	8
1	33117553	33119053	4	16
1	34507764	34509264	0	6
1	35262025	35263525	0	14
1	35466852	35468352	2	6
1	35469498	35470998	56	70
1	38403713	38405213	163	650
1	38637860	38639360	11	37
1	39423304	39424804	0	35
1	40035028	40036528	11	67
1	42782762	42784262	1	5
1	42787600	42789100	8	38
1	43088352	43089852	12	7
1	43446281	43447781	6	5
1	43910757	43912257	5	28
1	44553395	44554895	28	207
1	46818355	46819855	0	2
1	46818355	46819855	0	2
1	47879745	47881245	3	0
1	49534063	49535563	29	22
1	52161848	52163348	2	2
1	52587487	52588987	0	31
1	53190334	53191834	25	84
1	56105212	56106712	14	15
1	56680471	56681971	14	162
1	57249815	57251315	8	2
1	57257183	57258683	0	14
1	57481407	57482907	2	2
1	60228492	60229992	5	40
1	60344232	60345732	2	8
1	60795734	60797234	2	2
1	60873573	60875073	24	171
1	63478560	63480060	0	8
1	64840576	64842076	10	10
1	68804980	68806480	0	2
1	70126029	70127529	0	0
1	73575189	73576689	9	259
1	82712762	82714262	0	4
1	86157431	86158931	2	0
1	96086883	96088383	8	52
1	97115769	97117269	5	3
1	97419193	97420693	6	8
1	108591134	108592634	3	6
1	110060563	110062063	2	4
1	113433606	113435106	12	6
1	116810699	116812199	2	4
1	140678257	140679757	8	6
1	140678257	140679757	8	6
1	149604257	149605757	10	4
1	149604257	149605757	10	4
1	154399174	154400674	2	5
1	158392048	158393548	8	6
1	158392048	158393548	8	6
1	166140957	166142457	2	2
1	174043025	174044525	12	19
1	174843564	174845064	12	76
1	178921269	178922769	10	71
1	182292107	182293607	50	290
1	186773014	186774514	0	6
1	187180892	187182392	0	6
1	187720684	187722184	3	1
1	188863078	188864578	6	2
1	189630780	189632280	4	2
1	191274795	191276295	3	10
1	191585051	191586551	0	0
1	191585051	191586551	0	0
1	193451711	193453211	4	9
1	193766746	193768246	12	197
1	199022409	199023909	5	0
1	199652528	199654028	4	66
1	201729231	201730731	6	6
1	201801746	201803246	2	0
1	201946175	201947675	6	2
1	211771301	211772801	2	0
1	211771301	211772801	2	0
1	213312344	213313844	2	6
1	213684223	213685723	0	7
1	213712253	213713753	0	4
1	214313919	214315419	2	2
1	214591887	214593387	4	4
1	214719669	214721169	0	2
1	216161798	216163298	0	0
1	216771972	216773472	80	279
1	217821854	217823354	0	8
1	217884047	217885547	2	2
1	219088997	219090497	0	0
1	220775886	220777386	16	28
1	220775886	220777386	16	28
1	221830552	221832052	0	4
1	224117304	224118804	4	2
1	224256554	224258054	0	4
1	224919493	224920993	2	0
1	225503227	225504727	0	6
1	225784975	225786475	75	282
1	225981558	225983058	4	8
1	229808577	229810077	11	29
1	230119439	230120939	2	0
1	231779823	231781323	9	1
1	240515227	240516727	2	4
1	240515227	240516727	2	4
1	240595205	240596705	0	12
1	240896829	240898329	20	8
1	240896829	240898329	20	8
1	240934165	240935665	355	871
1	240934165	240935665	355	871
1	240942777	240944277	3	5
1	240942777	240944277	3	5
1	242143703	242145203	18	16
1	243994654	243996154	4	7
1	248271187	248272687	0	2
1	251722994	251724494	24	6
1	251722994	251724494	24	6
1	251722994	251724494	24	6
1	251722994	251724494	24	6
1	251753657	251755157	16	0
1	251753657	251755157	16	0
1	251753657	251755157	16	0
1	251753657	251755157	16	0
1	252913205	252914705	1	2
1	253389407	253390907	0	8
1	254196949	254198449	4	5
1	255294553	255296053	0	5
1	257650281	257651781	2	2
1	258845263	258846763	9	2
1	259335355	259336855	0	0
1	259578890	259580390	8	10
1	263015768	263017268	2	7
1	263688955	263690455	4	15
1	264455840	264457340	0	8
1	267760424	267761924	4	4
1	270726435	270727935	6	7
1	272189270	272190770	505	425
1	272189270	272190770	505	425
1	274190831	274192331	0	0
1	274808375	274809875	4	2
1	275684215	275685715	2	0
1	275684215	275685715	2	0
1	276069051	276070551	0	0
1	277478791	277480291	0	6
1	278293963	278295463	6	32
1	278617558	278619058	14	98
1	278687075	278688575	8	60
1	282499016	282500516	0	0
1	282860138	282861638	2	4
1	283053694	283055194	8	4
1	283064588	283066088	7	5
1	283074494	283075994	8	6
1	283079493	283080993	16	8
1	284243825	284245325	12	73
1	285416447	285417947	2	2
1	286977889	286979389	117	561
1	286977889	286979389	117	561
1	288024417	288025917	2	0
1	291054449	291055949	0	2
1	291106391	291107891	74	204
1	292171345	292172845	8	34
1	295922427	295923927	20	74
1	296304738	296306238	28	37
1	296491095	296492595	2	4
1	299443834	299445334	9	46
1	299443834	299445334	9	46
1	299453229	299454729	19	24
1	300144669	300146169	2	4
1	301367751	301369251	4	3
1	303355686	303357186	6	12
1	303355686	303357186	6	12
1	304196047	304197547	243	467
1	305679632	305681132	2	4
6	1275197	1276697	0	0
6	3222766	3224266	57	43
6	3222766	3224266	57	43
6	17279954	17281454	6	8
6	24416830	24418330	0	6
6	35150688	35152188	20	104
6	36733520	36735020	0	6
6	36912694	36914194	0	4
6	37337246	37338746	0	4
6	56820519	56822019	22	4
6	59902519	59904019	0	2
6	60330773	60332273	2	0
6	62960816	62962316	4	6
6	67785034	67786534	2	2
6	68432795	68434295	10	0
6	72195278	72196778	8	4
6	77509982	77511482	0	2
6	77879432	77880932	4	2
6	77879432	77880932	4	2
6	79852753	79854253	0	3
6	86006940	86008440	0	2
6	88914966	88916466	2	4
6	90180484	90181984	6	25
6	95646216	95647716	2	0
6	100158664	100160164	10	25
6	100893120	100894620	7	1
6	103279997	103281497	2	8
6	105514248	105515748	4	6
6	109840574	109842074	0	4
6	111335753	111337253	0	0
6	111617610	111619110	2	8
6	114740698	114742198	6	6
6	115197271	115198771	3	13
6	115814843	115816343	48	697
6	116995999	116997499	6	6
6	118320373	118321873	3	0
6	119927858	119929358	0	2
6	121111271	121112771	2	16
6	121368894	121370394	388	308
6	121368894	121370394	388	308
6	121368894	121370394	388	308
6	123320342	123321842	2	10
6	123320342	123321842	2	10
6	124388915	124390415	2	7
6	124388915	124390415	2	7
6	124475553	124477053	4	4
6	124475553	124477053	4	4
6	125369712	125371212	0	2
6	126729484	126730984	0	1
6	126729484	126730984	0	1
6	130621299	130622799	10	0
6	132165445	132166945	0	4
6	133036545	133038045	2	2
6	138543458	138544958	24	56
6	139003086	139004586	2	4
6	139990985	139992485	4	4
6	141203831	141205331	2	4
6	141259586	141261086	3	2
6	141488603	141490103	2	2
6	146338274	146339774	0	4
6	147745791	147747291	6	8
6	148253777	148255277	3	8
6	148253777	148255277	3	8
6	151546773	151548273	1	0
6	153439486	153440986	2	6
6	154558425	154559925	2	0
6	155274133	155275633	9	20
6	155954875	155956375	6	2
6	156103463	156104963	8	16
6	156318537	156320037	2	4
6	156584591	156586091	26	11
6	159008688	159010188	4	4
6	159359268	159360768	2	6
6	159775214	159776714	0	2
6	160344574	160346074	7	12
6	161701211	161702711	0	38
6	162617614	162619114	0	2
6	163410334	163411834	2	1
6	163546287	163547787	0	0
6	163754404	163755904	0	0
6	163791911	163793411	7	3
6	163791911	163793411	7	3
6	164058209	164059709	12	6
6	164188915	164190415	4	4
6	165369325	165370825	3	21
6	165373922	165375422	0	1
6	166506564	166508064	2	42
6	166981810	166983310	2	2
6	168206524	168208024	98	139
6	168620990	168622490	16	48
6	169010002	169011502	92	420
6	169029660	169031160	340	267
6	169029660	169031160	340	267
6	169029660	169031160	340	267
6	169029660	169031160	340	267
6	169681673	169683173	4	33
6	169960091	169961591	14	28
6	170113771	170115271	5	7
6	170404737	170406237	4	19
6	170731907	170733407	15	48
6	170973473	170974973	0	14
6	172236415	172237915	0	0
6	172253638	172255138	0	6
3	704853	706353	4	8
3	821132	822632	2	3
3	887050	888550	2	42
3	979308	980808	2	0
3	3412511	3414011	8	80
3	3942651	3944151	6	6
3	7822750	7824250	6	0
3	8332382	8333882	2	3
3	8848004	8849504	2	2
3	9348491	9349991	3	6
3	9979523	9981023	76	343
3	10772612	10774112	1	6
3	11695624	11697124	2	4
3	14748718	14750218	2	8
3	14754184	14755684	2	6
3	15432443	15433943	2	5
3	17364497	17365997	1	0
3	18183069	18184569	0	4
3	19358906	19360406	8	2
3	20546776	20548276	0	0
3	20815954	20817454	6	2
3	28627267	28628767	6	53
3	29590274	29591774	0	6
3	32687178	32688678	0	5
3	34651668	34653168	2	41
3	39648126	39649626	0	6
3	44988566	44990066	0	10
3	50459159	50460659	30	44
3	54773142	54774642	4	5
3	60293002	60294502	6	6
3	66308643	66310143	3	6
3	68285049	68286549	6	2
3	94049996	94051496	0	2
3	101682606	101684106	2	2
3	118594362	118595862	0	7
3	125121808	125123308	0	6
3	129321291	129322791	10	9
3	129321291	129322791	10	9
3	131546216	131547716	4	4
3	132881463	132882963	0	0
3	136380126	136381626	2	6
3	136455184	136456684	2	8
3	139134030	139135530	14	30
3	139450349	139451849	8	18
3	141619580	141621080	0	2
3	143624537	143626037	10	5
3	143624537	143626037	10	5
3	144772015	144773515	0	2
3	148147809	148149309	0	2
3	149548454	149549954	32	131
3	154316876	154318376	0	2
3	155334236	155335736	6	9
3	157880740	157882240	6	6
3	158983072	158984572	7	1
3	163962065	163963565	5	4
3	169074350	169075850	10	16
3	170089737	170091237	2	2
3	171669707	171671207	3	4
3	173175828	173177328	17	21
3	177281335	177282835	4	4
3	178426836	178428336	42	107
3	179002692	179004192	7	2
3	183807239	183808739	2	4
3	184681796	184683296	4	6
3	185333729	185335229	4	0
3	187171692	187173192	0	7
3	188279111	188280611	40	50
3	189128421	189129921	148	196
3	189324760	189326260	2	2
3	190026483	190027983	2	1
3	190209850	190211350	2	3
3	190404072	190405572	2	0
3	191194628	191196128	304	768
3	191818390	191819890	0	2
3	192135159	192136659	0	4
3	193349846	193351346	4	10
3	193369146	193370646	10	4
3	193476482	193477982	4	8
3	196606261	196607761	2	2
3	198490982	198492482	0	6
3	200996907	200998407	6	2
3	201088076	201089576	0	25
3	201317460	201318960	129	508
3	202741210	202742710	10	48
3	203542921	203544421	10	18
3	204255394	204256894	134	588
3	204255394	204256894	134	588
3	204414200	204415700	4	10
3	206099768	206101268	20	145
3	206154515	206156015	0	2
3	208305504	208307004	4	8
3	208603525	208605025	0	3
3	209086178	209087678	2	8
3	209629216	209630716	4	4
3	210021239	210022739	13	7
3	210021239	210022739	13	7
3	211046686	211048186	0	5
3	213324562	213326062	0	9
3	213324562	213326062	0	9
3	213720668	213722168	2	0
3	213755788	213757288	56	520
3	214764655	214766155	26	48
3	215497775	215499275	0	4
3	219504680	219506180	6	4
3	219829826	219831326	16	56
3	219989074	219990574	4	6
3	221068092	221069592	41	184
3	221396672	221398172	2	2
3	221790738	221792238	4	42
3	221809833	221811333	0	4
3	222966858	222968358	2	34
3	223369008	223370508	2	0
3	224938033	224939533	9	6
3	225406483	225407983	2	4
3	227099368	227100868	4	17
3	227099368	227100868	4	17
3	227099368	227100868	4	17
3	227099368	227100868	4	17
3	227151688	227153188	0	0
3	227151688	227153188	0	0
3	227151688	227153188	0	0
3	227151688	227153188	0	0
3	227190217	227191717	2	0
3	227190217	227191717	2	0
3	227190217	227191717	2	0
3	227190217	227191717	2	0
3	227278692	227280192	0	0
3	227278692	227280192	0	0
3	227278692	227280192	0	0
3	227278692	227280192	0	0
3	227344237	227345737	0	6
3	231621687	231623187	8	2
3	234544897	234546397	0	2
3	234544897	234546397	0	2
3	235519773	235521273	0	2
9	743538	745038	20	35
9	3483823	3485323	2	8
9	3483823	3485323	2	8
9	3985881	3987381	0	2
9	4934211	4935711	4	2
9	5518726	5520226	2	7
9	5518726	5520226	2	7
9	5608185	5609685	4	4
9	6454637	6456137	0	10
9	7833792	7835292	0	0
9	12193663	12195163	0	2
9	16512310	16513810	0	2
9	17494380	17495880	1	10
9	18781254	18782754	0	8
9	18791768	18793268	75	494
9	18866241	18867741	2	8
9	20715375	20716875	4	4
9	23613389	23614889	4	14
9	26898364	26899864	0	1
9	29036559	29038059	172	195
9	29759618	29761118	2	4
9	32055769	32057269	127	154
9	32055769	32057269	127	154
9	32055769	32057269	127	154
9	35556580	35558080	2	6
9	42912838	42914338	18	16
9	42912838	42914338	18	16
9	42916485	42917985	8	2
9	42916485	42917985	8	2
9	48526705	48528205	8	7
9	48526705	48528205	8	7
9	69430572	69432072	0	2
9	89322144	89323644	1	3
9	92162218	92163718	6	4
9	92237494	92238994	0	2
9	94816071	94817571	8	4
9	94816071	94817571	8	4
9	99814018	99815518	3	21
9	100612423	100613923	76	26
9	104800753	104802253	0	2
9	106301339	106302839	1	2
9	109352181	109353681	1	2
9	110201169	110202669	0	2
9	110201169	110202669	0	2
9	111031442	111032942	6	12
9	111031442	111032942	6	12
9	112207355	112208855	16	51
9	113594610	113596110	2	32
9	117526633	117528133	6	6
9	122716205	122717705	8	20
9	124513562	124515062	2	2
9	127176134	127177634	19	7
9	129000030	129001530	0	3
9	129565416	129566916	2	3
9	129866640	129868140	390	663
9	130337361	130338861	45	23
9	130418014	130419514	2	10
9	131565261	131566761	131	814
9	131692047	131693547	0	3
9	131938794	131940294	0	6
9	133468714	133470214	42	406
9	133527720	133529220	0	8
9	134019947	134021447	22	132
9	139138619	139140119	0	2
9	139154681	139156181	1	2
9	141029245	141030745	10	38
9	141266121	141267621	2	4
9	141362314	141363814	16	171
9	141399952	141401452	2	8
9	141784644	141786144	2	4
9	143272385	143273885	2	4
9	143529695	143531195	4	14
9	146752095	146753595	8	4
9	147126382	147127882	1	4
9	150755178	150756678	0	6
9	150827014	150828514	0	0
9	152516945	152518445	24	12
9	152516945	152518445	24	12
9	154012066	154013566	4	15
9	154166515	154168015	2	0
9	154586390	154587890	4	4
9	155782553	155784053	2	2
9	155782553	155784053	2	2
9	156095132	156096632	14	12
9	156095132	156096632	14	12
9	156310852	156312352	0	7
9	156651770	156653270	3	4
9	156718295	156719795	9	77
9	157163611	157165111	10	4
9	157240500	157242000	0	4
9	157240500	157242000	0	4
9	158838268	158839768	3	0
4	3014921	3016421	8	7
4	3014921	3016421	8	7
4	3788565	3790065	0	8
4	4187307	4188807	6	9
4	6903359	6904859	4	6
4	6915737	6917237	2	2
4	7176372	7177872	0	0
4	8443753	8445253	4	4
4	11913894	11915394	5	2
4	12009181	12010681	28	151
4	12009181	12010681	28	151
4	12009181	12010681	28	151
4	12009181	12010681	28	151
4	12388410	12389910	2	2
4	13141763	13143263	4	4
4	13839987	13841487	9	2
4	17524379	17525879	0	4
4	18465281	18466781	2	0
4	20526938	20528438	0	6
4	27893768	27895268	6	8
4	31741100	31742600	2	2
4	31971821	31973321	0	4
4	34205911	34207411	0	2
4	37198046	37199546	6	2
4	38850904	38852404	0	4
4	40540720	40542220	10	4
4	42288885	42290385	4	1
4	42987937	42989437	0	2
4	53031415	53032915	2	4
4	56335090	56336590	4	5
4	60010623	60012123	2	6
4	61314575	61316075	8	10
4	63831557	63833057	0	7
4	65313401	65314901	4	4
4	77788524	77790024	0	2
4	79155177	79156677	15	96
4	80188270	80189770	3	6
4	86239240	86240740	58	114
4	87192696	87194196	2	0
4	87427111	87428611	4	10
4	116464391	116465891	2	118
4	118822422	118823922	10	112
4	121765673	121767173	32	84
4	123699150	123700650	2	5
4	124709801	124711301	13	4
4	127602337	127603837	5	4
4	130553634	130555134	2	10
4	132685030	132686530	0	2
4	138654083	138655583	8	4
4	138654083	138655583	8	4
4	143866613	143868113	10	38
4	154081129	154082629	6	14
4	156971673	156973173	2	3
4	161650533	161652033	226	488
4	164601665	164603165	1	6
4	164601665	164603165	1	6
4	169723582	169725082	107	172
4	170130462	170131962	0	0
4	170425025	170426525	2	1
4	172707058	172708558	2	8
4	174609009	174610509	4	0
4	178022737	178024237	10	12
4	178758836	178760336	2	9
4	178758836	178760336	2	9
4	179685304	179686804	2	0
4	181032637	181034137	4	0
4	183316596	183318096	3	10
4	183365422	183366922	0	6
4	183369151	183370651	4	22
4	183559903	183561403	2	4
4	183996199	183997699	25	58
4	183996199	183997699	25	58
4	184158748	184160248	0	4
4	186495379	186496879	2	6
4	187401859	187403359	12	34
4	187995722	187997222	10	5
4	189172442	189173942	0	4
4	189494099	189495599	3	6
4	190404622	190406122	4	0
4	192070709	192072209	28	129
4	192580789	192582289	2	2
4	192688916	192690416	0	5
4	198052637	198054137	0	6
4	199997078	199998578	2	2
4	199997078	199998578	2	2
4	202675879	202677379	0	4
4	204323678	204325178	6	48
4	205247938	205249438	25	109
4	216213682	216215182	8	6
4	217741350	217742850	2	4
4	217741350	217742850	2	4
4	218062050	218063550	2	8
4	219936359	219937859	2	2
4	226106797	226108297	0	0
4	226106797	226108297	0	0
4	229325856	229327356	0	0
4	232560161	232561661	0	4
4	232627675	232629175	6	2
4	232728600	232730100	2	5
4	232728600	232730100	2	5
4	233641707	233643207	0	0
4	234969571	234971071	0	2
4	234969571	234971071	0	2
4	236544424	236545924	4	0
4	236544424	236545924	4	0
4	238177510	238179010	2	2
4	239763267	239764767	6	6
4	239885491	239886991	12	8
4	240491305	240492805	16	42
4	243265141	243266641	0	2
4	243753727	243755227	6	4
4	243753727	243755227	6	4
4	243885186	243886686	0	6
4	243889721	243891221	2	14
4	244829313	244830813	7	54
4	244905504	244907004	4	0
4	245454205	245455705	27	32
