Chr1	67125	68625	639	1296
Chr1	107946	109446	320	491
Chr1	149306	150806	112	218
Chr1	155511	157011	396	612
Chr1	201136	202636	282	484
Chr1	208395	209895	78	145
Chr1	213229	214729	50	74
Chr1	309316	310816	201	300
Chr1	692060	693560	263	450
Chr1	753698	755198	3466	4732
Chr1	760282	761782	194	401
Chr1	897876	899376	1423	1893
Chr1	899887	901387	416	690
Chr1	932512	934012	246	546
Chr1	1063284	1064784	91	153
Chr1	1364462	1365962	93	160
Chr1	1486460	1487960	187	286
Chr1	1611203	1612703	83	124
Chr1	1646647	1648147	248	363
Chr1	1675434	1676934	60	108
Chr1	1689001	1690501	123	220
Chr1	1700525	1702025	81	153
Chr1	1702249	1703749	156	261
Chr1	1704191	1705691	537	912
Chr1	1720509	1722009	149	200
Chr1	1743773	1745273	445	589
Chr1	1873218	1874718	242	534
Chr1	1945788	1947288	122	219
Chr1	1953850	1955350	832	1149
Chr1	1962511	1964011	104	132
Chr1	2046825	2048325	5282	4989
Chr1	2304378	2305878	201	382
Chr1	2304378	2305878	201	382
Chr1	2374045	2375545	744	717
Chr1	2387486	2388986	76	130
Chr1	2415265	2416765	87	131
Chr1	2435263	2436763	145	180
Chr1	2516105	2517605	111	122
Chr1	2641328	2642828	2086	1961
Chr1	2671392	2672892	319	728
Chr1	2702336	2703836	120	279
Chr1	2773030	2774530	179	320
Chr1	2773030	2774530	179	320
Chr1	2847300	2848800	355	499
Chr1	2878642	2880142	136	278
Chr1	2938826	2940326	93	172
Chr1	2938826	2940326	93	172
Chr1	2971699	2973199	173	340
Chr1	2976250	2977750	632	624
Chr1	3034443	3035943	85	135
Chr1	3107617	3109117	100	114
Chr1	3135430	3136930	106	169
Chr1	3172534	3174034	132	224
Chr1	3191914	3193414	100	164
Chr1	3217133	3218633	85	153
Chr1	3239054	3240554	378	552
Chr1	3278197	3279697	131	278
Chr1	3309930	3311430	161	320
Chr1	3348219	3349719	254	378
Chr1	3415858	3417358	165	171
Chr1	3443457	3444957	1266	1244
Chr1	3658108	3659608	299	398
Chr1	3790376	3791876	244	224
Chr1	3793383	3794883	156	270
Chr1	3793238	3794738	151	275
Chr1	3809093	3810593	550	823
Chr1	3816920	3818420	139	171
Chr1	3820305	3821805	128	249
Chr1	3840286	3841786	237	311
Chr1	4185624	4187124	133	222
Chr1	4243308	4244808	466	768
Chr1	4296584	4298084	73	158
Chr1	4325833	4327333	126	248
Chr1	4352906	4354406	126	146
Chr1	4588113	4589613	174	254
Chr1	5176529	5178029	190	525
Chr1	5328111	5329611	61	121
Chr1	5341431	5342931	231	378
Chr1	5341431	5342931	231	378
Chr1	5447359	5448859	5442	5220
Chr1	5614815	5616315	75	153
Chr1	5628156	5629656	134	232
Chr1	5696324	5697824	192	287
Chr1	5696324	5697824	192	287
Chr1	5806311	5807811	50	50
Chr1	5811728	5813228	39	69
Chr1	6209000	6210500	70	165
Chr1	6209000	6210500	70	165
Chr1	6247312	6248812	134	259
Chr1	6247793	6249293	127	252
Chr1	6247793	6249293	127	252
Chr1	6359692	6361192	235	458
Chr1	6362172	6363672	131	193
Chr1	6430196	6431696	317	411
Chr1	6578678	6580178	416	534
Chr1	6611749	6613249	171	324
Chr1	6904034	6905534	133	268
Chr1	6989861	6991361	79	162
Chr1	6993472	6994972	89	166
Chr1	7008570	7010070	130	235
Chr1	7294246	7295746	109	189
Chr1	7294246	7295746	109	189
Chr1	7604699	7606199	147	256
Chr1	7834782	7836282	337	511
Chr1	7891590	7893090	112	151
Chr1	7897091	7898591	401	613
Chr1	7899379	7900879	233	390
Chr1	7901832	7903332	133	193
Chr1	7906173	7907673	1278	1825
Chr1	8153030	8154530	366	530
Chr1	8431179	8432679	255	540
Chr1	8526587	8528087	122	230
Chr1	8548518	8550018	314	555
Chr1	8893428	8894928	100	214
Chr1	8934960	8936460	7442	5841
Chr1	8934960	8936460	7442	5841
Chr1	8934960	8936460	7442	5841
Chr1	9042788	9044288	332	559
Chr1	9104038	9105538	37	104
Chr1	9630285	9631785	81	168
Chr1	9675657	9677157	141	292
Chr1	9851866	9853366	150	233
Chr1	9978802	9980302	106	227
Chr1	10173187	10174687	103	162
Chr1	10213860	10215360	135	182
Chr1	10472799	10474299	976	1863
Chr1	10472799	10474299	976	1863
Chr1	10472799	10474299	976	1863
Chr1	10472799	10474299	976	1863
Chr1	10475459	10476959	1401	2215
Chr1	10475459	10476959	1401	2215
Chr1	10475459	10476959	1401	2215
Chr1	10475459	10476959	1401	2215
Chr1	10477005	10478505	11359	8426
Chr1	10477005	10478505	11359	8426
Chr1	10477005	10478505	11359	8426
Chr1	10477005	10478505	11359	8426
Chr1	10653857	10655357	124	186
Chr1	10813659	10815159	205	292
Chr1	10844550	10846050	153	190
Chr1	10996275	10997775	141	383
Chr1	11115695	11117195	191	436
Chr1	11463348	11464848	572	1190
Chr1	11531533	11533033	956	1329
Chr1	11758780	11760280	102	174
Chr1	11936596	11938096	81	159
Chr1	11940438	11941938	113	147
Chr1	11944307	11945807	157	295
Chr1	11951482	11952982	91	128
Chr1	12091187	12092687	139	305
Chr1	12090877	12092377	141	337
Chr1	12241126	12242626	90	161
Chr1	12425778	12427278	51	101
Chr1	12440393	12441893	91	115
Chr1	12457670	12459170	129	149
Chr1	13025238	13026738	69	115
Chr1	16653030	16654530	38	52
Chr1	17178302	17179802	106	178
Chr1	17816783	17818283	63	185
Chr1	17964871	17966371	76	148
Chr1	18429819	18431319	199	399
Chr1	18616563	18618063	102	184
Chr1	18621026	18622526	124	210
Chr1	18753169	18754669	207	344
Chr1	18925876	18927376	147	187
Chr1	18926877	18928377	294	475
Chr1	18954392	18955892	114	236
Chr1	19471949	19473449	283	415
Chr1	19771045	19772545	88	170
Chr1	19953615	19955115	92	133
Chr1	19953615	19955115	92	133
Chr1	19973893	19975393	308	594
Chr1	20047586	20049086	157	188
Chr1	20067966	20069466	132	238
Chr1	20067966	20069466	132	238
Chr1	20077728	20079228	126	239
Chr1	20077728	20079228	126	239
Chr1	20201118	20202618	133	179
Chr1	20396695	20398195	61	110
Chr1	20414787	20416287	263	458
Chr1	20438434	20439934	183	340
Chr1	20802949	20804449	5873	4749
Chr1	21092160	21093660	1433	646
Chr1	21252817	21254317	97	151
Chr1	21369683	21371183	71	113
Chr1	21507040	21508540	162	233
Chr1	21625700	21627200	2895	3172
Chr1	21883043	21884543	198	300
Chr1	21941284	21942784	85	193
Chr1	22056552	22058052	411	757
Chr1	22066473	22067973	67	92
Chr1	22180375	22181875	147	198
Chr1	22386957	22388457	418	496
Chr1	22441717	22443217	422	550
Chr1	22641325	22642825	141	216
Chr1	22644647	22646147	246	377
Chr1	22649021	22650521	513	564
Chr1	22653895	22655395	102	163
Chr1	22657274	22658774	175	240
Chr1	22663463	22664963	178	355
Chr1	22667860	22669360	118	198
Chr1	22671823	22673323	123	238
Chr1	22677213	22678713	315	581
Chr1	22683975	22685475	81	137
Chr1	22687767	22689267	152	269
Chr1	22692381	22693881	121	223
Chr1	22707326	22708826	92	158
Chr1	22732472	22733972	275	382
Chr1	22864119	22865619	74	99
Chr1	23055172	23056672	87	152
Chr1	23089243	23090743	75	159
Chr1	23178748	23180248	187	288
Chr1	23206165	23207665	81	151
Chr1	23209413	23210913	117	253
Chr1	23226532	23228032	198	327
Chr1	23298057	23299557	0	2
Chr1	23300576	23302076	97	185
Chr1	23305534	23307034	92	149
Chr1	23386667	23388167	74	111
Chr1	23390316	23391816	158	346
Chr1	23411730	23413230	366	548
Chr1	23418396	23419896	0	0
Chr1	23488840	23490340	44	94
Chr1	23506320	23507820	192	254
Chr1	23534016	23535516	112	170
Chr1	23790585	23792085	81	96
Chr1	23986231	23987731	112	177
Chr1	23988240	23989740	107	178
Chr1	24048122	24049622	735	924
Chr1	24373298	24374798	91	158
Chr1	24467932	24469432	184	350
Chr1	24472121	24473621	311	564
Chr1	24636196	24637696	713	974
Chr1	24668283	24669783	53	89
Chr1	24669536	24671036	46	84
Chr1	24893715	24895215	90	171
Chr1	24893715	24895215	90	171
Chr1	25324160	25325660	131	270
Chr1	25330879	25332379	60	170
Chr1	25330879	25332379	60	170
Chr1	25456179	25457679	99	204
Chr1	25456179	25457679	99	204
Chr1	25496290	25497790	217	439
Chr1	25710407	25711907	10160	8122
Chr1	25710407	25711907	10160	8122
Chr1	25710407	25711907	10160	8122
Chr1	25864660	25866160	236	413
Chr1	25917314	25918814	87	175
Chr1	26407823	26409323	82	180
Chr1	26407823	26409323	82	180
Chr1	26411301	26412801	85	160
Chr1	26411301	26412801	85	160
Chr1	26414730	26416230	263	337
Chr1	26474286	26475786	416	885
Chr1	26554846	26556346	156	269
Chr1	26675490	26676990	274	470
Chr1	26813632	26815132	275	470
Chr1	26938567	26940067	167	326
Chr1	26980529	26982029	186	308
Chr1	27007676	27009176	142	238
Chr1	27017158	27018658	133	200
Chr1	27021218	27022718	92	159
Chr1	27401878	27403378	771	1032
Chr1	27530452	27531952	87	116
Chr1	27668152	27669652	121	261
Chr1	27696711	27698211	154	277
Chr1	27696711	27698211	154	277
Chr1	27699050	27700550	387	574
Chr1	27713948	27715448	210	393
Chr1	27713948	27715448	210	393
Chr1	27748678	27750178	486	770
Chr1	27778166	27779666	5486	4757
Chr1	27778166	27779666	5486	4757
Chr1	27778166	27779666	5486	4757
Chr1	27804104	27805604	65	113
Chr1	27946609	27948109	263	503
Chr1	27990165	27991665	925	2203
Chr1	28019777	28021277	121	239
Chr1	28029521	28031021	73	157
Chr1	28077857	28079357	242	317
Chr1	28132210	28133710	212	280
Chr1	28260004	28261504	211	371
Chr1	28389665	28391165	113	208
Chr1	28554268	28555768	1588	2283
Chr1	28722021	28723521	88	158
Chr1	28722021	28723521	88	158
Chr1	28728132	28729632	150	322
Chr1	28728132	28729632	150	322
Chr1	28728132	28729632	150	322
Chr1	28728132	28729632	150	322
Chr1	28999037	29000537	113	169
Chr1	29195787	29197287	226	293
Chr1	29363249	29364749	146	171
Chr1	29363249	29364749	146	171
Chr1	29451917	29453417	334	580
Chr1	29458900	29460400	234	467
Chr1	29548324	29549824	190	390
Chr1	29560412	29561912	131	179
Chr1	29812026	29813526	119	169
Chr1	29925794	29927294	111	245
Chr1	29952190	29953690	105	214
Chr1	30033401	30034901	168	318
Chr1	30047878	30049378	89	145
Chr1	30224176	30225676	189	356
Chr2	137306	138806	172	383
Chr2	149882	151382	205	351
Chr2	202626	204126	368	536
Chr2	232006	233506	94	172
Chr2	305385	306885	164	275
Chr2	404918	406418	78	118
Chr2	552125	553625	77	126
Chr2	620155	621655	407	567
Chr2	867359	868859	132	325
Chr2	900446	901946	82	133
Chr2	1116507	1118007	79	120
Chr2	1180537	1182037	115	160
Chr2	1407245	1408745	61	77
Chr2	1799892	1801392	4774	4598
Chr2	1799892	1801392	4774	4598
Chr2	1799892	1801392	4774	4598
Chr2	1799892	1801392	4774	4598
Chr2	1823925	1825425	5862	4890
Chr2	1823925	1825425	5862	4890
Chr2	1823925	1825425	5862	4890
Chr2	1823925	1825425	5862	4890
Chr2	2271729	2273229	241	401
Chr2	5655989	5657489	70	90
Chr2	5670493	5671993	81	127
Chr2	5740820	5742320	250	532
Chr2	6303894	6305394	63	133
Chr2	6307895	6309395	59	143
Chr2	6757681	6759181	193	351
Chr2	6760635	6762135	98	152
Chr2	7554630	7556130	99	157
Chr2	7615842	7617342	187	275
Chr2	7688936	7690436	149	269
Chr2	7688936	7690436	149	269
Chr2	7909423	7910923	158	296
Chr2	8108043	8109543	199	349
Chr2	8124473	8125973	221	273
Chr2	8292682	8294182	182	346
Chr2	8318096	8319596	136	247
Chr2	8843160	8844660	108	172
Chr2	8849510	8851010	142	258
Chr2	9042699	9044199	125	168
Chr2	9237482	9238982	205	451
Chr2	9354145	9355645	192	325
Chr2	9357416	9358916	231	478
Chr2	9382602	9384102	85	87
Chr2	9443923	9445423	131	187
Chr2	9508017	9509517	101	121
Chr2	9540401	9541901	152	236
Chr2	9765127	9766627	16	71
Chr2	9806200	9807700	67	121
Chr2	9898625	9900125	76	123
Chr2	9900939	9902439	83	113
Chr2	9905420	9906920	292	552
Chr2	10339816	10341316	131	171
Chr2	10565898	10567398	5591	4661
Chr2	10565898	10567398	5591	4661
Chr2	10667049	10668549	163	309
Chr2	10672153	10673653	158	291
Chr2	10683135	10684635	472	444
Chr2	11134845	11136345	134	172
Chr2	11262963	11264463	163	235
Chr2	11367596	11369096	68	129
Chr2	11477444	11478944	187	366
Chr2	11518234	11519734	137	211
Chr2	11786033	11787533	48	98
Chr2	11962793	11964293	135	313
Chr2	12492785	12494285	280	525
Chr2	12564164	12565664	38	93
Chr2	12580280	12581780	69	80
Chr2	12711884	12713384	189	321
Chr2	12871134	12872634	199	349
Chr2	12873706	12875206	104	189
Chr2	12915412	12916912	81	72
Chr2	12938334	12939834	378	629
Chr2	13119590	13121090	329	533
Chr2	13173321	13174821	176	344
Chr2	13185449	13186949	345	560
Chr2	13193185	13194685	867	851
Chr2	13193185	13194685	867	851
Chr2	13321026	13322526	72	143
Chr2	13439381	13440881	144	403
Chr2	13496233	13497733	209	406
Chr2	13517211	13518711	115	212
Chr2	13529350	13530850	130	209
Chr2	13623792	13625292	90	137
Chr2	13716429	13717929	134	189
Chr2	13777449	13778949	163	311
Chr2	13843834	13845334	76	97
Chr2	13915452	13916952	538	863
Chr2	14274800	14276300	96	140
Chr2	14431769	14433269	150	291
Chr2	14515226	14516726	114	176
Chr2	14523068	14524568	3836	5774
Chr2	14523068	14524568	3836	5774
Chr2	14523068	14524568	3836	5774
Chr2	14523068	14524568	3836	5774
Chr2	14523756	14525256	3501	4109
Chr2	14523756	14525256	3501	4109
Chr2	14523756	14525256	3501	4109
Chr2	14523756	14525256	3501	4109
Chr2	14576174	14577674	1379	2234
Chr2	14591288	14592788	154	242
Chr2	14739468	14740968	313	391
Chr2	15083973	15085473	633	1141
Chr2	15116075	15117575	123	417
Chr2	15116075	15117575	123	417
Chr2	15237093	15238593	257	365
Chr2	15263237	15264737	158	245
Chr2	15406073	15407573	109	160
Chr2	15411538	15413038	66	198
Chr2	15414094	15415594	155	254
Chr2	15416266	15417766	652	1134
Chr2	15418654	15420154	166	437
Chr2	15424516	15426016	237	527
Chr2	15528006	15529506	295	482
Chr2	15539639	15541139	102	240
Chr2	15575024	15576524	59	122
Chr2	15717053	15718553	95	144
Chr2	15816504	15818004	511	814
Chr2	15816504	15818004	511	814
Chr2	16114785	16116285	92	211
Chr2	16151505	16153005	72	108
Chr2	16151505	16153005	72	108
Chr2	16237476	16238976	152	309
Chr2	16348968	16350468	257	331
Chr2	16406239	16407739	157	293
Chr2	16629473	16630973	96	149
Chr2	16744653	16746153	239	406
Chr2	16911845	16913345	173	379
Chr2	17131853	17133353	111	181
Chr2	17220933	17222433	153	467
Chr2	17336769	17338269	191	402
Chr2	17472436	17473936	848	1239
Chr2	17591038	17592538	1726	2123
Chr2	17763611	17765111	142	189
Chr2	17763611	17765111	142	189
Chr2	17843880	17845380	445	683
Chr2	17857698	17859198	90	244
Chr2	18010106	18011606	93	113
Chr2	18111589	18113089	82	192
Chr2	18114092	18115592	87	169
Chr2	18114092	18115592	87	169
Chr2	18137307	18138807	181	303
Chr2	18144721	18146221	114	179
Chr2	18151227	18152727	106	238
Chr2	18156638	18158138	92	147
Chr2	18489129	18490629	125	319
Chr2	18882078	18883578	307	433
Chr2	18947323	18948823	114	169
Chr2	19092815	19094315	423	635
Chr2	19688673	19690173	69	147
Chr3	26991	28491	78	141
Chr3	34097	35597	132	234
Chr3	138011	139511	297	454
Chr3	225011	226511	134	268
Chr3	230651	232151	107	184
Chr3	336965	338465	137	221
Chr3	369984	371484	86	165
Chr3	488193	489693	1097	1797
Chr3	488193	489693	1097	1797
Chr3	504730	506230	165	357
Chr3	617409	618909	341	785
Chr3	699801	701301	63	127
Chr3	862852	864352	71	152
Chr3	1302876	1304376	106	283
Chr3	1305378	1306878	196	464
Chr3	1312316	1313816	99	222
Chr3	1388449	1389949	126	203
Chr3	1411303	1412803	84	186
Chr3	1582047	1583547	108	219
Chr3	1602400	1603900	47	102
Chr3	1602400	1603900	47	102
Chr3	1738981	1740481	217	391
Chr3	1992244	1993744	198	455
Chr3	2066916	2068416	68	111
Chr3	2066916	2068416	68	111
Chr3	2073300	2074800	90	143
Chr3	2073300	2074800	90	143
Chr3	2077817	2079317	90	172
Chr3	2077817	2079317	90	172
Chr3	2312998	2314498	47	82
Chr3	2323882	2325382	95	174
Chr3	2463465	2464965	212	344
Chr3	2678679	2680179	74	147
Chr3	2702081	2703581	169	328
Chr3	2702081	2703581	169	328
Chr3	2711395	2712895	1329	1054
Chr3	2716675	2718175	2797	3218
Chr3	2930865	2932365	128	197
Chr3	3018340	3019840	132	338
Chr3	3165538	3167038	120	223
Chr3	3555705	3557205	241	446
Chr3	3607250	3608750	124	225
Chr3	3684058	3685558	2105	2630
Chr3	3819120	3820620	126	228
Chr3	3878400	3879900	1118	1301
Chr3	3933078	3934578	166	298
Chr3	4032832	4034332	315	386
Chr3	4058714	4060214	91	163
Chr3	4518647	4520147	125	148
Chr3	4571180	4572680	381	576
Chr3	4660284	4661784	364	665
Chr3	4662574	4664074	133	243
Chr3	4743617	4745117	543	857
Chr3	4781952	4783452	184	233
Chr3	4799004	4800504	106	148
Chr3	4944601	4946101	112	292
Chr3	4981943	4983443	104	229
Chr3	4981943	4983443	104	229
Chr3	4987107	4988607	340	676
Chr3	5019570	5021070	766	1712
Chr3	5098722	5100222	131	201
Chr3	5386444	5387944	268	665
Chr3	5438609	5440109	242	426
Chr3	5524495	5525995	106	196
Chr3	5620373	5621873	907	1588
Chr3	5992412	5993912	127	285
Chr3	6153363	6154863	277	487
Chr3	6173719	6175219	268	431
Chr3	6312485	6313985	168	329
Chr3	6715599	6717099	267	616
Chr3	7081421	7082921	345	474
Chr3	7228407	7229907	164	315
Chr3	7285760	7287260	207	409
Chr3	7424519	7426019	55	66
Chr3	7594806	7596306	120	284
Chr3	7866753	7868253	215	305
Chr3	7967490	7968990	102	159
Chr3	8024034	8025534	148	164
Chr3	8118888	8120388	295	512
Chr3	8171597	8173097	73	134
Chr3	8202469	8203969	85	145
Chr3	8208829	8210329	319	990
Chr3	8346200	8347700	85	129
Chr3	8377805	8379305	291	576
Chr3	8640569	8642069	153	414
Chr3	8671774	8673274	100	160
Chr3	8742253	8743753	277	352
Chr3	9194503	9196003	146	259
Chr3	9215990	9217490	79	139
Chr3	9254502	9256002	355	418
Chr3	9282360	9283860	54	109
Chr3	9849570	9851070	94	139
Chr3	10129437	10130937	301	394
Chr3	10219476	10220976	191	282
Chr3	10254947	10256447	2225	1567
Chr3	10254947	10256447	2225	1567
Chr3	10254947	10256447	2225	1567
Chr3	10254947	10256447	2225	1567
Chr3	10732532	10734032	52	63
Chr3	10740430	10741930	76	123
Chr3	10754039	10755539	134	335
Chr3	11131576	11133076	62	77
Chr3	11187803	11189303	68	131
Chr3	16191675	16193175	158	293
Chr3	16633988	16635488	78	200
Chr3	16649474	16650974	84	156
Chr3	16655513	16657013	108	218
Chr3	16658766	16660266	128	205
Chr3	16662283	16663783	80	163
Chr3	16662283	16663783	80	163
Chr3	16666384	16667884	85	141
Chr3	16666384	16667884	85	141
Chr3	16755770	16757270	218	444
Chr3	16865541	16867041	420	722
Chr3	17187312	17188812	102	190
Chr3	17190667	17192167	145	260
Chr3	17193897	17195397	69	133
Chr3	17196243	17197743	65	96
Chr3	17198837	17200337	188	346
Chr3	17201389	17202889	127	207
Chr3	17211848	17213348	124	178
Chr3	17221027	17222527	101	111
Chr3	17233502	17235002	163	242
Chr3	17250011	17251511	82	113
Chr3	17255338	17256838	217	253
Chr3	17331985	17333485	236	313
Chr3	17494533	17496033	7303	7121
Chr3	17518665	17520165	54	110
Chr3	17650912	17652412	147	241
Chr3	17760374	17761874	1283	1522
Chr3	18070536	18072036	80	133
Chr3	18070536	18072036	80	133
Chr3	18217348	18218848	147	188
Chr3	18229110	18230610	87	166
Chr3	18436845	18438345	86	158
Chr3	18558606	18560106	468	658
Chr3	18743657	18745157	163	211
Chr3	18836597	18838097	255	411
Chr3	19586821	19588321	191	363
Chr3	19606957	19608457	139	186
Chr3	19698759	19700259	155	369
Chr3	19703476	19704976	108	150
Chr3	19722351	19723851	60	130
Chr3	19722351	19723851	60	130
Chr3	19775705	19777205	61	117
Chr3	19783502	19785002	106	170
Chr3	19790916	19792416	511	817
Chr3	19899280	19900780	83	215
Chr3	19934734	19936234	344	602
Chr3	19934734	19936234	344	602
Chr3	20058796	20060296	87	147
Chr3	20058796	20060296	87	147
Chr3	20138642	20140142	166	207
Chr3	20395760	20397260	156	247
Chr3	20601587	20603087	79	161
Chr3	20601587	20603087	79	161
Chr3	20670115	20671615	149	240
Chr3	20672847	20674347	171	248
Chr3	20904480	20905980	206	298
Chr3	20954141	20955641	72	88
Chr3	20998195	20999695	83	121
Chr3	21108614	21110114	450	939
Chr3	21215875	21217375	302	525
Chr3	21257980	21259480	111	202
Chr3	21302561	21304061	527	694
Chr3	21693341	21694841	166	256
Chr3	21693341	21694841	166	256
Chr3	21949210	21950710	1621	3066
Chr3	22051133	22052633	200	361
Chr3	22051133	22052633	200	361
Chr3	22065379	22066879	89	118
Chr3	22068558	22070058	87	149
Chr3	22068558	22070058	87	149
Chr3	22071321	22072821	88	142
Chr3	22071321	22072821	88	142
Chr3	22091448	22092948	36	76
Chr3	22107424	22108924	107	158
Chr3	22297373	22298873	119	207
Chr3	22640737	22642237	108	162
Chr3	22744653	22746153	2805	4397
Chr3	23153010	23154510	912	537
Chr3	23245157	23246657	86	198
Chr3	23308737	23310237	135	303
Chr3	23367092	23368592	238	313
Chr3	23409860	23411360	423	619
Chr3	23457959	23459459	131	191
Chr4	92923	94423	82	113
Chr4	147814	149314	245	402
Chr4	221320	222820	454	491
Chr4	240000	241500	141	238
Chr4	386029	387529	312	412
Chr4	413361	414861	43	84
Chr4	413361	414861	43	84
Chr4	417437	418937	221	397
Chr4	450142	451642	88	133
Chr4	463056	464556	123	200
Chr4	492548	494048	1718	1963
Chr4	566095	567595	207	389
Chr4	1061653	1063153	212	317
Chr4	1061653	1063153	212	317
Chr4	1065872	1067372	292	549
Chr4	1065872	1067372	292	549
Chr4	1222961	1224461	150	261
Chr4	1229445	1230945	1264	2193
Chr4	1422837	1424337	180	238
Chr4	1510839	1512339	100	215
Chr4	1773922	1775422	171	232
Chr4	2234138	2235638	256	443
Chr4	2237411	2238911	74	164
Chr4	2241122	2242622	165	368
Chr4	2258580	2260080	128	224
Chr4	2288959	2290459	342	506
Chr4	2524780	2526280	205	416
Chr4	2532056	2533556	258	371
Chr4	2532056	2533556	258	371
Chr4	2681809	2683309	63	117
Chr4	5778962	5780462	791	1397
Chr4	6265745	6267245	100	131
Chr4	6407016	6408516	2382	3108
Chr4	6407016	6408516	2382	3108
Chr4	6407016	6408516	2382	3108
Chr4	6407016	6408516	2382	3108
Chr4	6494955	6496455	61	66
Chr4	6498794	6500294	83	114
Chr4	6507600	6509100	30	81
Chr4	6515243	6516743	64	129
Chr4	6519817	6521317	91	166
Chr4	6891055	6892555	291	536
Chr4	6963468	6964968	106	137
Chr4	6963468	6964968	106	137
Chr4	6966729	6968229	144	236
Chr4	6970408	6971908	131	250
Chr4	6977848	6979348	95	100
Chr4	6986093	6987593	221	392
Chr4	7010875	7012375	224	311
Chr4	7055254	7056754	126	321
Chr4	7153071	7154571	151	287
Chr4	7194652	7196152	117	195
Chr4	7209918	7211418	67	91
Chr4	7511126	7512626	119	163
Chr4	7511047	7512547	122	166
Chr4	7598757	7600257	81	139
Chr4	7599551	7601051	236	317
Chr4	7602101	7603601	145	262
Chr4	7602101	7603601	145	262
Chr4	7942398	7943898	83	124
Chr4	8105021	8106521	83	124
Chr4	8123335	8124835	103	149
Chr4	8333176	8334676	460	694
Chr4	8340659	8342159	102	171
Chr4	8343616	8345116	329	496
Chr4	8368667	8370167	109	129
Chr4	8509538	8511038	156	358
Chr4	8512859	8514359	90	192
Chr4	8583622	8585122	50	87
Chr4	8665259	8666759	52	75
Chr4	8668970	8670470	247	386
Chr4	8850016	8851516	146	275
Chr4	8854045	8855545	119	235
Chr4	8858072	8859572	91	138
Chr4	8948460	8949960	98	129
Chr4	9104720	9106220	85	119
Chr4	9471763	9473263	135	175
Chr4	9606834	9608334	512	757
Chr4	9875238	9876738	41	71
Chr4	9993920	9995420	415	808
Chr4	10290350	10291850	832	898
Chr4	10295273	10296773	621	940
Chr4	10303850	10305350	297	413
Chr4	10339856	10341356	93	113
Chr4	10458828	10460328	273	418
Chr4	10458828	10460328	273	418
Chr4	10788553	10790053	98	171
Chr4	10808877	10810377	56	96
Chr4	10874233	10875733	91	167
Chr4	11020780	11022280	281	564
Chr4	11244954	11246454	101	159
Chr4	11321179	11322679	115	229
Chr4	11335479	11336979	97	131
Chr4	11341494	11342994	106	141
Chr4	11344974	11346474	94	171
Chr4	11392726	11394226	103	268
Chr4	11397083	11398583	268	456
Chr4	11401209	11402709	126	238
Chr4	11404556	11406056	132	187
Chr4	11495000	11496500	68	128
Chr4	11500118	11501618	100	126
Chr4	11504178	11505678	129	178
Chr4	11772328	11773828	201	350
Chr4	11993270	11994770	219	545
Chr4	11993014	11994514	226	555
Chr4	12022967	12024467	131	214
Chr4	12079060	12080560	369	436
Chr4	12079060	12080560	369	436
Chr4	12119634	12121134	202	453
Chr4	12120383	12121883	201	406
Chr4	12124731	12126231	179	263
Chr4	12128485	12129985	225	524
Chr4	12137137	12138637	169	357
Chr4	12137137	12138637	169	357
Chr4	12143333	12144833	341	629
Chr4	12147434	12148934	252	426
Chr4	12150979	12152479	287	510
Chr4	12156591	12158091	517	965
Chr4	12159770	12161270	198	276
Chr4	12161454	12162954	91	124
Chr4	12166526	12168026	348	663
Chr4	12169586	12171086	413	696
Chr4	12170103	12171603	414	702
Chr4	12173740	12175240	87	206
Chr4	12180326	12181826	374	518
Chr4	12180932	12182432	390	547
Chr4	12184737	12186237	143	330
Chr4	12191477	12192977	154	221
Chr4	12436108	12437608	180	323
Chr4	12616256	12617756	176	397
Chr4	12648987	12650487	207	262
Chr4	12648987	12650487	207	262
Chr4	12875846	12877346	1500	3235
Chr4	13119618	13121118	281	420
Chr4	13123898	13125398	73	161
Chr4	13319408	13320908	95	130
Chr4	13423549	13425049	321	503
Chr4	13496326	13497826	163	298
Chr4	13637949	13639449	258	424
Chr4	13665281	13666781	194	290
Chr4	13665281	13666781	194	290
Chr4	13671848	13673348	384	617
Chr4	13754649	13756149	96	139
Chr4	13827323	13828823	969	2040
Chr4	13978506	13980006	208	401
Chr4	14025577	14027077	172	343
Chr4	14025577	14027077	172	343
Chr4	14311303	14312803	62	135
Chr4	14316379	14317879	149	290
Chr4	14316379	14317879	149	290
Chr4	14568728	14570228	78	157
Chr4	14619073	14620573	201	348
Chr4	14676285	14677785	99	126
Chr4	14964515	14966015	109	151
Chr4	15066053	15067553	491	758
Chr4	15102159	15103659	454	441
Chr4	15155203	15156703	193	295
Chr4	15232074	15233574	118	212
Chr4	15367216	15368716	246	391
Chr4	15409205	15410705	150	381
Chr4	15722434	15723934	157	226
Chr4	15786209	15787709	95	187
Chr4	15998173	15999673	211	359
Chr4	16090277	16091777	350	595
Chr4	16270973	16272473	286	415
Chr4	16292112	16293612	245	323
Chr4	16344318	16345818	477	727
Chr4	16346633	16348133	228	545
Chr4	16658839	16660339	364	665
Chr4	16722998	16724498	112	161
Chr4	16838532	16840032	265	465
Chr4	16950094	16951594	393	581
Chr4	16950094	16951594	393	581
Chr4	17210913	17212413	99	197
Chr4	17235018	17236518	231	303
Chr4	17500155	17501655	131	210
Chr4	17539490	17540990	444	632
Chr4	17573438	17574938	145	255
Chr4	17686441	17687941	277	467
Chr4	17998432	17999932	555	1131
Chr4	17998432	17999932	555	1131
Chr4	18121326	18122826	169	259
Chr4	18258609	18260109	246	526
Chr4	18376740	18378240	274	406
Chr4	18458680	18460180	177	427
Chr4	18458680	18460180	177	427
Chr4	18550556	18552056	161	283
Chr4	18556472	18557972	169	326
Chr4	18558243	18559743	594	749
Chr4	18582244	18583744	84	87
Chr5	43875	45375	52	130
Chr5	89486	90986	165	396
Chr5	161799	163299	152	278
Chr5	207937	209437	3612	3463
Chr5	212972	214472	187	400
Chr5	212972	214472	187	400
Chr5	216083	217583	117	281
Chr5	216083	217583	117	281
Chr5	220030	221530	153	368
Chr5	220030	221530	153	368
Chr5	308434	309934	4101	3959
Chr5	314500	316000	391	729
Chr5	588527	590027	282	455
Chr5	739516	741016	419	724
Chr5	739516	741016	419	724
Chr5	812728	814228	116	248
Chr5	812728	814228	116	248
Chr5	917738	919238	92	122
Chr5	926915	928415	113	185
Chr5	930904	932404	203	379
Chr5	979349	980849	259	360
Chr5	979349	980849	259	360
Chr5	1383540	1385040	225	381
Chr5	1470272	1471772	144	370
Chr5	1764507	1766007	475	754
Chr5	1766639	1768139	164	254
Chr5	1768648	1770148	109	145
Chr5	1771543	1773043	96	167
Chr5	1773513	1775013	97	113
Chr5	2000549	2002049	85	127
Chr5	2083094	2084594	72	196
Chr5	2083094	2084594	72	196
Chr5	2197614	2199114	132	247
Chr5	2316213	2317713	476	480
Chr5	2671265	2672765	98	204
Chr5	2734925	2736425	93	159
Chr5	2752099	2753599	158	294
Chr5	2782331	2783831	258	500
Chr5	3105364	3106864	150	228
Chr5	3224265	3225765	69	88
Chr5	3224265	3225765	69	88
Chr5	3269050	3270550	249	267
Chr5	3270452	3271952	187	230
Chr5	3326433	3327933	110	225
Chr5	3326433	3327933	110	225
Chr5	3395700	3397200	417	429
Chr5	3446614	3448114	106	151
Chr5	3472966	3474466	688	795
Chr5	3820572	3822072	204	275
Chr5	3820572	3822072	204	275
Chr5	3848283	3849783	111	166
Chr5	4076162	4077662	63	135
Chr5	4206004	4207504	644	962
Chr5	4221514	4223014	160	334
Chr5	4248712	4250212	100	155
Chr5	4721779	4723279	479	782
Chr5	4952303	4953803	82	125
Chr5	4969534	4971034	85	103
Chr5	4983644	4985144	878	1158
Chr5	5086371	5087871	184	264
Chr5	5172258	5173758	965	668
Chr5	5172258	5173758	965	668
Chr5	5177397	5178897	6005	9036
Chr5	5177397	5178897	6005	9036
Chr5	5223143	5224643	126	153
Chr5	5278884	5280384	125	268
Chr5	5459976	5461476	106	212
Chr5	5542834	5544334	130	248
Chr5	5575410	5576910	95	114
Chr5	5577575	5579075	102	207
Chr5	5580429	5581929	76	142
Chr5	5583529	5585029	146	227
Chr5	5586563	5588063	251	371
Chr5	5608992	5610492	114	96
Chr5	5898253	5899753	268	679
Chr5	5903880	5905380	312	512
Chr5	6201609	6203109	309	582
Chr5	6211802	6213302	93	196
Chr5	6224956	6226456	368	702
Chr5	6274990	6276490	207	320
Chr5	6347712	6349212	97	342
Chr5	6466331	6467831	267	492
Chr5	6751006	6752506	218	367
Chr5	6751006	6752506	218	367
Chr5	6755633	6757133	57	112
Chr5	6755633	6757133	57	112
Chr5	7207643	7209143	136	245
Chr5	7216340	7217840	111	198
Chr5	7276183	7277683	136	216
Chr5	7305297	7306797	116	161
Chr5	7952032	7953532	105	173
Chr5	8100823	8102323	87	163
Chr5	8108090	8109590	97	137
Chr5	8588234	8589734	6895	4480
Chr5	8588234	8589734	6895	4480
Chr5	8593101	8594601	75	122
Chr5	8608342	8609842	135	240
Chr5	8658822	8660322	176	230
Chr5	8890454	8891954	94	106
Chr5	9156142	9157642	102	181
Chr5	9401976	9403476	171	322
Chr5	9474682	9476182	221	430
Chr5	9540147	9541647	75	158
Chr5	9573635	9575135	49	113
Chr5	9792956	9794456	514	676
Chr5	9819249	9820749	146	286
Chr5	13633454	13634954	169	250
Chr5	14886478	14887978	147	284
Chr5	15106296	15107796	38	56
Chr5	15130360	15131860	50	59
Chr5	15140788	15142288	86	87
Chr5	15157275	15158775	107	141
Chr5	15184077	15185577	88	125
Chr5	15509901	15511401	129	231
Chr5	15771080	15772580	87	123
Chr5	15780907	15782407	26	44
Chr5	15885888	15887388	64	77
Chr5	15894729	15896229	60	80
Chr5	16025227	16026727	107	162
Chr5	16168315	16169815	79	133
Chr5	16170374	16171874	102	144
Chr5	16480084	16481584	97	159
Chr5	16901486	16902986	120	212
Chr5	17592981	17594481	100	190
Chr5	17782172	17783672	84	179
Chr5	17813336	17814836	106	197
Chr5	17843251	17844751	243	440
Chr5	17936689	17938189	638	532
Chr5	18111312	18112812	50	122
Chr5	18406336	18407836	395	704
Chr5	18406336	18407836	395	704
Chr5	18511116	18512616	81	131
Chr5	18518368	18519868	112	152
Chr5	18583942	18585442	77	143
Chr5	18588043	18589543	760	866
Chr5	18839305	18840805	158	277
Chr5	19289965	19291465	364	630
Chr5	19308227	19309727	883	1119
Chr5	19314023	19315523	82	160
Chr5	19341861	19343361	108	189
Chr5	19391234	19392734	159	337
Chr5	19569240	19570740	127	244
Chr5	19594657	19596157	116	191
Chr5	19834434	19835934	120	218
Chr5	19955437	19956937	87	139
Chr5	20062448	20063948	38	110
Chr5	20062448	20063948	38	110
Chr5	20204013	20205513	220	510
Chr5	20208230	20209730	399	663
Chr5	20254191	20255691	96	135
Chr5	20414771	20416271	78	176
Chr5	20522480	20523980	68	140
Chr5	20696539	20698039	109	183
Chr5	20738419	20739919	117	156
Chr5	20796017	20797517	125	239
Chr5	21019207	21020707	111	211
Chr5	21349375	21350875	124	228
Chr5	21547473	21548973	227	356
Chr5	21567512	21569012	151	305
Chr5	21642898	21644398	108	240
Chr5	21986708	21988208	201	365
Chr5	22037273	22038773	3940	4761
Chr5	22037273	22038773	3940	4761
Chr5	22037273	22038773	3940	4761
Chr5	22037273	22038773	3940	4761
Chr5	22195477	22196977	227	370
Chr5	22201610	22203110	174	251
Chr5	22216055	22217555	85	159
Chr5	22384425	22385925	170	279
Chr5	22550747	22552247	129	267
Chr5	22593655	22595155	211	360
Chr5	22593655	22595155	211	360
Chr5	22597038	22598538	654	785
Chr5	22641854	22643354	225	360
Chr5	22801316	22802816	82	151
Chr5	23076265	23077765	405	567
Chr5	23117063	23118563	211	333
Chr5	23317625	23319125	223	434
Chr5	23342758	23344258	660	993
Chr5	23354464	23355964	458	705
Chr5	23354464	23355964	458	705
Chr5	23523297	23524797	328	538
Chr5	23523427	23524927	327	550
Chr5	23598742	23600242	156	198
Chr5	23750956	23752456	57	105
Chr5	23754775	23756275	72	68
Chr5	23758003	23759503	88	149
Chr5	23773280	23774780	237	358
Chr5	23854775	23856275	64	120
Chr5	23861629	23863129	63	99
Chr5	23867552	23869052	76	87
Chr5	23873220	23874720	236	323
Chr5	23884855	23886355	65	127
Chr5	23889927	23891427	132	187
Chr5	23909425	23910925	165	353
Chr5	23909425	23910925	165	353
Chr5	23912735	23914235	108	144
Chr5	23912735	23914235	108	144
Chr5	24007189	24008689	256	383
Chr5	24010149	24011649	133	223
Chr5	24100057	24101557	93	164
Chr5	24115720	24117220	88	127
Chr5	24126206	24127706	265	470
Chr5	24192394	24193894	78	91
Chr5	24256745	24258245	553	688
Chr5	24256745	24258245	553	688
Chr5	24259563	24261063	177	294
Chr5	24263622	24265122	263	418
Chr5	24263622	24265122	263	418
Chr5	24267011	24268511	151	180
Chr5	24269808	24271308	107	177
Chr5	24674064	24675564	546	753
Chr5	24680550	24682050	156	257
Chr5	24741048	24742548	266	425
Chr5	24829291	24830791	733	458
Chr5	24831053	24832553	119	187
Chr5	24902617	24904117	320	393
Chr5	25113320	25114820	491	853
Chr5	25253712	25255212	116	184
Chr5	25386752	25388252	293	427
Chr5	25386752	25388252	293	427
Chr5	25465397	25466897	79	176
Chr5	25483219	25484719	163	280
Chr5	25821030	25822530	91	136
Chr5	25947973	25949473	628	746
Chr5	25954381	25955881	93	163
Chr5	26003017	26004517	77	141
Chr5	26016403	26017903	263	454
Chr5	26077754	26079254	85	186
Chr5	26119325	26120825	104	185
Chr5	26120081	26121581	96	205
Chr5	26203278	26204778	154	256
Chr5	26202968	26204468	151	262
Chr5	26217653	26219153	168	334
Chr5	26217653	26219153	168	334
Chr5	26550879	26552379	134	285
Chr5	26709555	26711055	268	459
Chr5	26775891	26777391	108	225
Chr5	26853022	26854522	907	1134
Chr5	26874079	26875579	201	412
Chr5	26925713	26927213	356	517
