Niben251Chr01	811360	812860	10	16
Niben251Chr01	1559605	1561105	10	4
Niben251Chr01	3398432	3399932	4	9
Niben251Chr01	3624497	3625997	4	12
Niben251Chr01	3624497	3625997	4	12
Niben251Chr01	3684348	3685848	8	17
Niben251Chr01	4946963	4948463	151	82
Niben251Chr01	5255426	5256926	15	32
Niben251Chr01	7781895	7783395	6	18
Niben251Chr01	8548520	8550020	18	32
Niben251Chr01	12973052	12974552	193	86
Niben251Chr01	14135217	14136717	15	26
Niben251Chr01	14200916	14202416	16	48
Niben251Chr01	16973232	16974732	34	19
Niben251Chr01	17310198	17311698	7	11
Niben251Chr01	19155801	19157301	27	30
Niben251Chr01	24693321	24694821	2	7
Niben251Chr01	24986709	24988209	92	68
Niben251Chr01	25717380	25718880	24	32
Niben251Chr01	25717380	25718880	24	32
Niben251Chr01	27988683	27990183	78	131
Niben251Chr01	31428455	31429955	6	11
Niben251Chr01	35173032	35174532	610	387
Niben251Chr01	35173032	35174532	610	387
Niben251Chr01	35173032	35174532	610	387
Niben251Chr01	35173032	35174532	610	387
Niben251Chr01	36295115	36296615	10	27
Niben251Chr01	36481532	36483032	7	19
Niben251Chr01	36628238	36629738	6	23
Niben251Chr01	36746080	36747580	5	5
Niben251Chr01	36822795	36824295	257	276
Niben251Chr01	38992741	38994241	19	16
Niben251Chr01	39113346	39114846	0	0
Niben251Chr01	43789091	43790591	10	4
Niben251Chr01	44092060	44093560	24	47
Niben251Chr01	46947742	46949242	25	59
Niben251Chr01	48380491	48381991	12	31
Niben251Chr01	51353953	51355453	20	29
Niben251Chr01	53828937	53830437	4	15
Niben251Chr01	55667200	55668700	40	42
Niben251Chr01	65276004	65277504	7	6
Niben251Chr01	66406518	66408018	6	2
Niben251Chr01	69548640	69550140	16	33
Niben251Chr01	72490985	72492485	12	20
Niben251Chr01	73354021	73355521	26	37
Niben251Chr01	79237817	79239317	23	25
Niben251Chr01	80360844	80362344	2	4
Niben251Chr01	80474941	80476441	10	10
Niben251Chr01	85678143	85679643	6	3
Niben251Chr01	89466440	89467940	45	32
Niben251Chr01	93461558	93463058	8	4
Niben251Chr01	93461558	93463058	8	4
Niben251Chr01	97660232	97661732	30	53
Niben251Chr01	97958545	97960045	107	57
Niben251Chr01	99832526	99834026	20	14
Niben251Chr01	106861500	106863000	4	6
Niben251Chr01	107902059	107903559	0	0
Niben251Chr01	107902059	107903559	0	0
Niben251Chr01	110101081	110102581	79	120
Niben251Chr01	110423990	110425490	4	31
Niben251Chr01	117620374	117621874	180	220
Niben251Chr01	118460212	118461712	10	10
Niben251Chr01	119163689	119165189	3	6
Niben251Chr01	122460281	122461781	10	6
Niben251Chr01	132657800	132659300	4	6
Niben251Chr01	137010684	137012184	0	0
Niben251Chr01	137010684	137012184	0	0
Niben251Chr01	137676158	137677658	13	18
Niben251Chr01	140490966	140492466	2	0
Niben251Chr01	146641242	146642742	221	188
Niben251Chr01	147109338	147110838	424	431
Niben251Chr01	149198423	149199923	376	223
Niben251Chr01	149468113	149469613	4	24
Niben251Chr01	150172476	150173976	4	6
Niben251Chr01	155717727	155719227	6	4
Niben251Chr01	155717727	155719227	6	4
Niben251Chr01	157148473	157149973	0	6
Niben251Chr01	157523839	157525339	6	4
Niben251Chr01	173318868	173320368	16	31
Niben251Chr01	174048333	174049833	13	17
Niben251Chr01	174674383	174675883	8	0
Niben251Chr01	174674383	174675883	8	0
Niben251Chr01	176996738	176998238	12	4
Niben251Chr01	182065956	182067456	2	4
Niben251Chr01	185202333	185203833	6	0
Niben251Chr02	5218788	5220288	6	4
Niben251Chr02	5295218	5296718	8	10
Niben251Chr02	8654575	8656075	6	6
Niben251Chr02	16652222	16653722	6	6
Niben251Chr02	18056506	18058006	41	16
Niben251Chr02	19573864	19575364	6	3
Niben251Chr02	20328154	20329654	463	371
Niben251Chr02	23186288	23187788	42	32
Niben251Chr02	29176041	29177541	8	12
Niben251Chr02	32213795	32215295	12	12
Niben251Chr02	37671413	37672913	80	112
Niben251Chr02	37671413	37672913	80	112
Niben251Chr02	37979681	37981181	8	19
Niben251Chr02	38872806	38874306	38	31
Niben251Chr02	45417002	45418502	1	2
Niben251Chr02	49338145	49339645	1	8
Niben251Chr02	52914080	52915580	2	22
Niben251Chr02	53237559	53239059	13	20
Niben251Chr02	53216707	53218207	3895	2285
Niben251Chr02	53216707	53218207	3895	2285
Niben251Chr02	53216707	53218207	3895	2285
Niben251Chr02	53216707	53218207	3895	2285
Niben251Chr02	56938642	56940142	0	0
Niben251Chr02	62143498	62144998	2	0
Niben251Chr02	63594280	63595780	2	0
Niben251Chr02	63594280	63595780	2	0
Niben251Chr02	72833983	72835483	6	2
Niben251Chr02	76441384	76442884	0	18
Niben251Chr02	79098825	79100325	203	316
Niben251Chr02	79144619	79146119	8	16
Niben251Chr02	87182863	87184363	8	6
Niben251Chr02	90880560	90882060	4	9
Niben251Chr02	95978791	95980291	49	46
Niben251Chr02	97466818	97468318	4	4
Niben251Chr02	100017938	100019438	1615	718
Niben251Chr02	100017938	100019438	1615	718
Niben251Chr02	100017938	100019438	1615	718
Niben251Chr02	102536612	102538112	14	16
Niben251Chr02	103723367	103724867	7	10
Niben251Chr02	105568175	105569675	16	12
Niben251Chr02	106729810	106731310	6	2
Niben251Chr02	114869104	114870604	44	63
Niben251Chr02	115813223	115814723	4	11
Niben251Chr02	115813223	115814723	4	11
Niben251Chr02	116343365	116344865	4	4
Niben251Chr02	116343365	116344865	4	4
Niben251Chr02	116870987	116872487	8	8
Niben251Chr02	122069229	122070729	570	542
Niben251Chr02	125881053	125882553	17	9
Niben251Chr02	126015116	126016616	6	0
Niben251Chr02	126855413	126856913	0	2
Niben251Chr02	128457859	128459359	22	28
Niben251Chr02	128731198	128732698	22	16
Niben251Chr02	129314502	129316002	8	8
Niben251Chr02	129939516	129941016	145	122
Niben251Chr02	129939516	129941016	145	122
Niben251Chr02	132996981	132998481	5	8
Niben251Chr02	132996981	132998481	5	8
Niben251Chr02	143676688	143678188	179	158
Niben251Chr02	151326558	151328058	0	7
Niben251Chr03	439682	441182	310	430
Niben251Chr03	2001965	2003465	12	12
Niben251Chr03	2609882	2611382	7	28
Niben251Chr03	5757339	5758839	6	21
Niben251Chr03	6606138	6607638	2	4
Niben251Chr03	6606138	6607638	2	4
Niben251Chr03	7597125	7598625	14	11
Niben251Chr03	9281667	9283167	2	1
Niben251Chr03	12459163	12460663	27	27
Niben251Chr03	18624352	18625852	91	37
Niben251Chr03	21392923	21394423	6	4
Niben251Chr03	21392923	21394423	6	4
Niben251Chr03	21690138	21691638	10	18
Niben251Chr03	21690138	21691638	10	18
Niben251Chr03	21690138	21691638	10	18
Niben251Chr03	21690138	21691638	10	18
Niben251Chr03	26595369	26596869	29	64
Niben251Chr03	28732791	28734291	25	59
Niben251Chr03	37221262	37222762	21	68
Niben251Chr03	38657414	38658914	6	12
Niben251Chr03	40076645	40078145	40	20
Niben251Chr03	42367816	42369316	5	19
Niben251Chr03	44784408	44785908	120	192
Niben251Chr03	53311246	53312746	4	3
Niben251Chr03	56168377	56169877	8	4
Niben251Chr03	60817297	60818797	60	35
Niben251Chr03	68506488	68507988	8	11
Niben251Chr03	71147099	71148599	10	10
Niben251Chr03	72626465	72627965	9	6
Niben251Chr03	82150202	82151702	0	0
Niben251Chr03	83275510	83277010	65	56
Niben251Chr03	84232531	84234031	8	8
Niben251Chr03	84311844	84313344	1	5
Niben251Chr03	84424791	84426291	4	8
Niben251Chr03	84990192	84991692	13	8
Niben251Chr03	85037671	85039171	6	30
Niben251Chr03	86193818	86195318	0	2
Niben251Chr03	86468125	86469625	4	18
Niben251Chr03	86468125	86469625	4	18
Niben251Chr03	91957783	91959283	17	18
Niben251Chr03	92606966	92608466	0	0
Niben251Chr03	93015306	93016806	23	42
Niben251Chr03	93312006	93313506	6	6
Niben251Chr03	93529186	93530686	123	94
Niben251Chr03	107650188	107651688	9	11
Niben251Chr03	113159624	113161124	19	20
Niben251Chr03	113178534	113180034	21	4
Niben251Chr03	114663193	114664693	2	0
Niben251Chr03	114945760	114947260	338	401
Niben251Chr03	116999919	117001419	8	6
Niben251Chr03	119746821	119748321	3	4
Niben251Chr03	119746821	119748321	3	4
Niben251Chr03	120855854	120857354	19	32
Niben251Chr03	143014886	143016386	6	4
Niben251Chr03	145395840	145397340	2	8
Niben251Chr03	148969159	148970659	19	18
Niben251Chr03	151656581	151658081	2	4
Niben251Chr03	155765123	155766623	7	6
Niben251Chr03	155765123	155766623	7	6
Niben251Chr03	162474133	162475633	8	4
Niben251Chr03	162397163	162398663	83	141
Niben251Chr03	176626872	176628372	8	2
Niben251Chr03	182179123	182180623	19	46
Niben251Chr03	184200846	184202346	7	143
Niben251Chr03	188163520	188165020	13	21
Niben251Chr04	1631936	1633436	0	0
Niben251Chr04	6891710	6893210	5	12
Niben251Chr04	10485477	10486977	10	8
Niben251Chr04	10705641	10707141	35	94
Niben251Chr04	11697646	11699146	13	19
Niben251Chr04	12884577	12886077	69	142
Niben251Chr04	14013407	14014907	25	18
Niben251Chr04	24744107	24745607	4	4
Niben251Chr04	25517896	25519396	0	1
Niben251Chr04	27106149	27107649	4	0
Niben251Chr04	30490378	30491878	2	0
Niben251Chr04	32831049	32832549	8	2
Niben251Chr04	32853088	32854588	1	6
Niben251Chr04	33293825	33295325	6	12
Niben251Chr04	44251152	44252652	2	7
Niben251Chr04	44805860	44807360	6	7
Niben251Chr04	45335068	45336568	2	6
Niben251Chr04	62186470	62187970	294	263
Niben251Chr04	62380406	62381906	387	512
Niben251Chr04	70188964	70190464	39	51
Niben251Chr04	76616674	76618174	14	13
Niben251Chr04	82947779	82949279	10	7
Niben251Chr04	84716969	84718469	4	2
Niben251Chr04	84716969	84718469	4	2
Niben251Chr04	88178364	88179864	7	4
Niben251Chr04	90674026	90675526	10	7
Niben251Chr04	92439113	92440613	50	106
Niben251Chr04	95680015	95681515	6	2
Niben251Chr04	96390677	96392177	3660	2968
Niben251Chr04	96390677	96392177	3660	2968
Niben251Chr04	96390677	96392177	3660	2968
Niben251Chr04	96390677	96392177	3660	2968
Niben251Chr04	96881772	96883272	10	9
Niben251Chr04	99993010	99994510	10	5
Niben251Chr04	100384081	100385581	14	10
Niben251Chr04	103642790	103644290	6	4
Niben251Chr04	103742728	103744228	0	0
Niben251Chr04	113799838	113801338	14	15
Niben251Chr04	114442515	114444015	2	0
Niben251Chr04	118244671	118246171	4	4
Niben251Chr04	119539512	119541012	6	6
Niben251Chr04	121205184	121206684	1	15
Niben251Chr04	130980770	130982270	0	2
Niben251Chr04	143350349	143351849	4	6
Niben251Chr04	147091274	147092774	26	114
Niben251Chr04	147374195	147375695	4	7
Niben251Chr04	148760929	148762429	790	434
Niben251Chr04	148760929	148762429	790	434
Niben251Chr04	148760929	148762429	790	434
Niben251Chr04	154357319	154358819	10	15
Niben251Chr04	154646823	154648323	48	76
Niben251Chr04	158912094	158913594	39	59
Niben251Chr04	160067692	160069192	12	12
Niben251Chr04	161985922	161987422	13	14
Niben251Chr04	163435998	163437498	4	2
Niben251Chr04	164927888	164929388	6	16
Niben251Chr04	167398583	167400083	1297	942
Niben251Chr04	168147425	168148925	48	42
Niben251Chr04	171411510	171413010	0	16
Niben251Chr04	171491513	171493013	10	20
Niben251Chr04	171491513	171493013	10	20
Niben251Chr04	171972409	171973909	6	6
Niben251Chr04	172226316	172227816	482	195
Niben251Chr04	172318893	172320393	20	41
Niben251Chr04	173425394	173426894	2	8
Niben251Chr04	177042026	177043526	6	13
Niben251Chr04	177272319	177273819	1	0
Niben251Chr04	177441264	177442764	2554	1223
Niben251Chr04	177441264	177442764	2554	1223
Niben251Chr04	177441264	177442764	2554	1223
Niben251Chr04	177441264	177442764	2554	1223
Niben251Chr04	178642713	178644213	48	62
Niben251Chr04	179339405	179340905	10	9
Niben251Chr04	180184654	180186154	15	27
Niben251Chr04	185000697	185002197	10	41
Niben251Chr04	185605706	185607206	0	5
Niben251Chr04	186608148	186609648	4	0
Niben251Chr05	1365344	1366844	40	59
Niben251Chr05	3246323	3247823	8	2
Niben251Chr05	5001983	5003483	40	62
Niben251Chr05	7167978	7169478	15	14
Niben251Chr05	7688589	7690089	12	6
Niben251Chr05	16643406	16644906	16	11
Niben251Chr05	18108170	18109670	4	9
Niben251Chr05	18872660	18874160	6	7
Niben251Chr05	21420644	21422144	20	20
Niben251Chr05	32240182	32241682	6	8
Niben251Chr05	33871914	33873414	6	5
Niben251Chr05	34135805	34137305	12	6
Niben251Chr05	40347541	40349041	18	6
Niben251Chr05	44091696	44093196	2	12
Niben251Chr05	46252082	46253582	8	29
Niben251Chr05	51341048	51342548	306	207
Niben251Chr05	52557318	52558818	129	224
Niben251Chr05	55166456	55167956	28	51
Niben251Chr05	57712519	57714019	34	67
Niben251Chr05	61499002	61500502	33	86
Niben251Chr05	63329094	63330594	16	21
Niben251Chr05	67110220	67111720	7	16
Niben251Chr05	68452490	68453990	14	16
Niben251Chr05	72290280	72291780	0	6
Niben251Chr05	75971819	75973319	16	0
Niben251Chr05	76195738	76197238	230	187
Niben251Chr05	76195738	76197238	230	187
Niben251Chr05	82309445	82310945	8	11
Niben251Chr05	82309445	82310945	8	11
Niben251Chr05	85731050	85732550	6	12
Niben251Chr05	85731050	85732550	6	12
Niben251Chr05	86582399	86583899	16	15
Niben251Chr05	87692868	87694368	8	26
Niben251Chr05	88988896	88990396	6	4
Niben251Chr05	93127445	93128945	6	17
Niben251Chr05	96542754	96544254	40	31
Niben251Chr05	96939181	96940681	101	75
Niben251Chr05	97086803	97088303	2	2
Niben251Chr05	98638907	98640407	48	99
Niben251Chr05	99825916	99827416	11	7
Niben251Chr05	100371657	100373157	8	14
Niben251Chr05	106523523	106525023	0	4
Niben251Chr05	108241808	108243308	10	8
Niben251Chr05	111300403	111301903	24	14
Niben251Chr05	115692639	115694139	8	0
Niben251Chr05	120362570	120364070	7	8
Niben251Chr05	124527663	124529163	12	17
Niben251Chr05	124595246	124596746	10	7
Niben251Chr05	124619428	124620928	5	10
Niben251Chr05	129456198	129457698	6	8
Niben251Chr05	129456198	129457698	6	8
Niben251Chr05	133040820	133042320	18	60
Niben251Chr05	133303284	133304784	3	11
Niben251Chr05	135653214	135654714	20	11
Niben251Chr05	135653214	135654714	20	11
Niben251Chr06	2874358	2875858	12	21
Niben251Chr06	3650465	3651965	34	18
Niben251Chr06	18804799	18806299	51	38
Niben251Chr06	23824869	23826369	24	44
Niben251Chr06	33452656	33454156	1	8
Niben251Chr06	34279438	34280938	8	8
Niben251Chr06	36642461	36643961	3	8
Niben251Chr06	36727453	36728953	113	172
Niben251Chr06	38019181	38020681	8	18
Niben251Chr06	40506723	40508223	23	7
Niben251Chr06	40506723	40508223	23	7
Niben251Chr06	51340263	51341763	0	0
Niben251Chr06	53229670	53231170	24	29
Niben251Chr06	53341816	53343316	72	79
Niben251Chr06	53888251	53889751	128	234
Niben251Chr06	53912204	53913704	28	87
Niben251Chr06	55658384	55659884	35	43
Niben251Chr06	58983510	58985010	31	14
Niben251Chr06	58983510	58985010	31	14
Niben251Chr06	61744096	61745596	16	12
Niben251Chr06	66696007	66697507	7	7
Niben251Chr06	67950535	67952035	3	4
Niben251Chr06	74923728	74925228	10	16
Niben251Chr06	75749522	75751022	5	7
Niben251Chr06	77226440	77227940	31	38
Niben251Chr06	77604677	77606177	15	0
Niben251Chr06	81057417	81058917	157	221
Niben251Chr06	93511368	93512868	6	10
Niben251Chr06	94062999	94064499	25	19
Niben251Chr06	97793019	97794519	50	76
Niben251Chr06	98484745	98486245	174	188
Niben251Chr06	102298526	102300026	10	29
Niben251Chr06	102850654	102852154	23	59
Niben251Chr06	102964424	102965924	13	12
Niben251Chr06	107511916	107513416	6	12
Niben251Chr06	108842582	108844082	2522	1413
Niben251Chr06	109404082	109405582	578	854
Niben251Chr06	109780364	109781864	3	15
Niben251Chr06	111638538	111640038	3	3
Niben251Chr06	113594795	113596295	13	12
Niben251Chr06	114429788	114431288	6	7
Niben251Chr06	116445356	116446856	45	28
Niben251Chr06	117582811	117584311	2	6
Niben251Chr06	117893547	117895047	30	34
Niben251Chr06	122556502	122558002	4	10
Niben251Chr06	123439538	123441038	7	6
Niben251Chr06	123770718	123772218	4	12
Niben251Chr06	131361719	131363219	2	10
Niben251Chr06	133719275	133720775	3	3
Niben251Chr06	138388353	138389853	3	4
Niben251Chr06	142411952	142413452	150	169
Niben251Chr06	146535337	146536837	53	82
Niben251Chr06	146968564	146970064	23	99
Niben251Chr06	147735165	147736665	37	59
Niben251Chr06	147735165	147736665	37	59
Niben251Chr06	147920476	147921976	7	10
Niben251Chr06	147955137	147956637	0	0
Niben251Chr06	147947747	147949247	2	6
Niben251Chr06	148066253	148067753	6	2
Niben251Chr06	148753643	148755143	53	41
Niben251Chr07	118923	120423	7	8
Niben251Chr07	1209998	1211498	26	171
Niben251Chr07	1479464	1480964	6	4
Niben251Chr07	3539424	3540924	8	13
Niben251Chr07	4039724	4041224	15	23
Niben251Chr07	4815129	4816629	9	9
Niben251Chr07	4956883	4958383	187	171
Niben251Chr07	7493628	7495128	10	26
Niben251Chr07	11199816	11201316	2	6
Niben251Chr07	21606401	21607901	6	18
Niben251Chr07	23279479	23280979	7	4
Niben251Chr07	24653255	24654755	2	8
Niben251Chr07	24862459	24863959	14	8
Niben251Chr07	26150100	26151600	6	13
Niben251Chr07	37562085	37563585	30	10
Niben251Chr07	44779388	44780888	10	6
Niben251Chr07	48013053	48014553	12	12
Niben251Chr07	50921715	50923215	4	4
Niben251Chr07	51392177	51393677	22	24
Niben251Chr07	53814892	53816392	3	2
Niben251Chr07	62092905	62094405	0	0
Niben251Chr07	72856496	72857996	8	13
Niben251Chr07	75139712	75141212	27	61
Niben251Chr07	76245898	76247398	6	0
Niben251Chr07	78528598	78530098	8	8
Niben251Chr07	86730180	86731680	15	44
Niben251Chr07	91140558	91142058	28	106
Niben251Chr07	96091852	96093352	4	5
Niben251Chr07	98779873	98781373	3	0
Niben251Chr07	100980497	100981997	2	25
Niben251Chr07	102003491	102004991	10	6
Niben251Chr07	108615336	108616836	8	25
Niben251Chr07	109303383	109304883	5	5
Niben251Chr07	113151964	113153464	9	11
Niben251Chr07	115480858	115482358	2	12
Niben251Chr07	118261808	118263308	5	11
Niben251Chr07	118310680	118312180	12	27
Niben251Chr07	118310680	118312180	12	27
Niben251Chr07	121639380	121640880	7	6
Niben251Chr07	121724859	121726359	25	69
Niben251Chr07	124427347	124428847	731	829
Niben251Chr07	124427347	124428847	731	829
Niben251Chr07	124427347	124428847	731	829
Niben251Chr07	124427347	124428847	731	829
Niben251Chr07	125015903	125017403	1369	1266
Niben251Chr07	125877602	125879102	8	22
Niben251Chr07	125926574	125928074	13	17
Niben251Chr07	126331049	126332549	9	42
Niben251Chr07	127167371	127168871	149	166
Niben251Chr07	127391303	127392803	24	27
Niben251Chr07	127917575	127919075	4	8
Niben251Chr07	127902958	127904458	62	61
Niben251Chr07	128088098	128089598	4	11
Niben251Chr07	128088098	128089598	4	11
Niben251Chr07	128414950	128416450	17	14
Niben251Chr07	130012192	130013692	80	84
Niben251Chr07	130502506	130504006	16	24
Niben251Chr07	132281855	132283355	6	19
Niben251Chr07	132281855	132283355	6	19
Niben251Chr07	132740248	132741748	29	29
Niben251Chr07	133178264	133179764	6	12
Niben251Chr07	135054584	135056084	21	50
Niben251Chr07	136291762	136293262	14	28
Niben251Chr07	136304489	136305989	6	6
Niben251Chr07	136351565	136353065	31	20
Niben251Chr07	136403671	136405171	8	17
Niben251Chr07	143009137	143010637	16	8
Niben251Chr07	144902571	144904071	7	0
Niben251Chr07	146756612	146758112	2	14
Niben251Chr07	146904555	146906055	15	54
Niben251Chr07	147471020	147472520	0	0
Niben251Chr07	147490902	147492402	8	12
Niben251Chr08	717767	719267	63	118
Niben251Chr08	2547743	2549243	25	25
Niben251Chr08	3320650	3322150	20	17
Niben251Chr08	9152264	9153764	4	11
Niben251Chr08	9419230	9420730	2590	1524
Niben251Chr08	9419230	9420730	2590	1524
Niben251Chr08	9419230	9420730	2590	1524
Niben251Chr08	9412254	9413754	0	0
Niben251Chr08	9412254	9413754	0	0
Niben251Chr08	9412254	9413754	0	0
Niben251Chr08	9657591	9659091	32	34
Niben251Chr08	9970595	9972095	19	24
Niben251Chr08	10140347	10141847	25	33
Niben251Chr08	10310097	10311597	171	94
Niben251Chr08	10310097	10311597	171	94
Niben251Chr08	11302299	11303799	95	66
Niben251Chr08	15003052	15004552	118	112
Niben251Chr08	15681490	15682990	8	30
Niben251Chr08	17391164	17392664	585	337
Niben251Chr08	17647926	17649426	1885	1640
Niben251Chr08	18186773	18188273	18	37
Niben251Chr08	18086302	18087802	145	678
Niben251Chr08	18299824	18301324	34	41
Niben251Chr08	21894776	21896276	30	40
Niben251Chr08	21894776	21896276	30	40
Niben251Chr08	22848808	22850308	32	67
Niben251Chr08	23848608	23850108	43	132
Niben251Chr08	23884297	23885797	8	20
Niben251Chr08	24949056	24950556	19	26
Niben251Chr08	26350326	26351826	8	5
Niben251Chr08	26350326	26351826	8	5
Niben251Chr08	27138112	27139612	72	68
Niben251Chr08	33210275	33211775	1	0
Niben251Chr08	34764462	34765962	4	36
Niben251Chr08	39091171	39092671	5	0
Niben251Chr08	40774939	40776439	15	10
Niben251Chr08	41555423	41556923	15	16
Niben251Chr08	43151878	43153378	21	29
Niben251Chr08	43532013	43533513	10	7
Niben251Chr08	45307898	45309398	9	8
Niben251Chr08	45711357	45712857	4	2
Niben251Chr08	54637382	54638882	3	11
Niben251Chr08	55069851	55071351	32	23
Niben251Chr08	59220772	59222272	6	9
Niben251Chr08	59508844	59510344	200	359
Niben251Chr08	63357427	63358927	19	25
Niben251Chr08	69998589	70000089	1	6
Niben251Chr08	70985022	70986522	22	14
Niben251Chr08	79697132	79698632	25	30
Niben251Chr08	88538851	88540351	4	8
Niben251Chr08	90182193	90183693	88	74
Niben251Chr08	109937521	109939021	8	4
Niben251Chr08	111800648	111802148	10	48
Niben251Chr08	111800648	111802148	10	48
Niben251Chr08	112682019	112683519	19	22
Niben251Chr08	116029144	116030644	21	31
Niben251Chr08	116110549	116112049	63	49
Niben251Chr08	121312231	121313731	4	10
Niben251Chr08	129719337	129720837	9	10
Niben251Chr08	133750427	133751927	58	37
Niben251Chr08	134800917	134802417	6	8
Niben251Chr08	135470751	135472251	5	12
Niben251Chr08	136452583	136454083	3	0
Niben251Chr09	5016913	5018413	18	18
Niben251Chr09	5185494	5186994	5	11
Niben251Chr09	5216218	5217718	4	10
Niben251Chr09	8237659	8239159	25	25
Niben251Chr09	9498160	9499660	4	0
Niben251Chr09	12659131	12660631	0	0
Niben251Chr09	12667376	12668876	0	0
Niben251Chr09	22545960	22547460	48	37
Niben251Chr09	28286752	28288252	26	14
Niben251Chr09	37111991	37113491	23	19
Niben251Chr09	39095754	39097254	8	14
Niben251Chr09	50079873	50081373	61	88
Niben251Chr09	52048507	52050007	45	30
Niben251Chr09	58912924	58914424	33	252
Niben251Chr09	59260681	59262181	4	4
Niben251Chr09	62717913	62719413	0	0
Niben251Chr09	67956227	67957727	4	5
Niben251Chr09	68168104	68169604	77	67
Niben251Chr09	75090053	75091553	2	0
Niben251Chr09	79158534	79160034	2	2
Niben251Chr09	80350282	80351782	1707	1799
Niben251Chr09	80445475	80446975	854	692
Niben251Chr09	80822285	80823785	2	13
Niben251Chr09	83888442	83889942	72	99
Niben251Chr09	85428774	85430274	8	12
Niben251Chr09	85932014	85933514	0	0
Niben251Chr09	85912541	85914041	0	0
Niben251Chr09	87082147	87083647	239	114
Niben251Chr09	88461733	88463233	2	2
Niben251Chr09	89664062	89665562	25	22
Niben251Chr09	89644260	89645760	2	5
Niben251Chr09	89685136	89686636	6	2
Niben251Chr09	89966527	89968027	2	9
Niben251Chr09	94957658	94959158	16	4
Niben251Chr09	95133166	95134666	74	120
Niben251Chr09	95778635	95780135	60	85
Niben251Chr09	97945703	97947203	2	6
Niben251Chr09	98212075	98213575	18	22
Niben251Chr09	98619161	98620661	31	30
Niben251Chr09	101226763	101228263	30	33
Niben251Chr09	102274521	102276021	12	16
Niben251Chr09	102615493	102616993	37	233
Niben251Chr09	102885575	102887075	5	6
Niben251Chr09	102885575	102887075	5	6
Niben251Chr09	102903361	102904861	10	36
Niben251Chr09	103234575	103236075	21	16
Niben251Chr09	103912959	103914459	31	36
Niben251Chr09	107903283	107904783	23	28
Niben251Chr09	111159094	111160594	403	424
Niben251Chr09	112855928	112857428	25	55
Niben251Chr09	113121693	113123193	8	8
Niben251Chr09	113136898	113138398	2	10
Niben251Chr09	113310315	113311815	14	18
Niben251Chr09	115476012	115477512	64	26
Niben251Chr09	116709371	116710871	2	1
Niben251Chr09	117980489	117981989	20	56
Niben251Chr09	122050024	122051524	9	4
Niben251Chr09	122050024	122051524	9	4
Niben251Chr09	122829557	122831057	26	66
Niben251Chr09	124783640	124785140	8	5
Niben251Chr09	125938903	125940403	28	40
Niben251Chr09	128774112	128775612	18	24
Niben251Chr09	133083960	133085460	12	40
Niben251Chr09	137066409	137067909	2	18
Niben251Chr10	1351068	1352568	5	2
Niben251Chr10	2009275	2010775	22	40
Niben251Chr10	7921685	7923185	32	31
Niben251Chr10	7961602	7963102	24	62
Niben251Chr10	10460703	10462203	2	12
Niben251Chr10	14057837	14059337	14	22
Niben251Chr10	15766784	15768284	12	29
Niben251Chr10	17506728	17508228	10	18
Niben251Chr10	19623202	19624702	11	18
Niben251Chr10	22338868	22340368	12	16
Niben251Chr10	24812782	24814282	6	2
Niben251Chr10	26091991	26093491	8	4
Niben251Chr10	26196021	26197521	5558	3245
Niben251Chr10	26196021	26197521	5558	3245
Niben251Chr10	26196021	26197521	5558	3245
Niben251Chr10	26196021	26197521	5558	3245
Niben251Chr10	26184417	26185917	19	32
Niben251Chr10	26202416	26203916	2	2
Niben251Chr10	27005479	27006979	28	44
Niben251Chr10	27207651	27209151	8	11
Niben251Chr10	27250935	27252435	12	2
Niben251Chr10	27559282	27560782	6	10
Niben251Chr10	28896667	28898167	229	363
Niben251Chr10	31688106	31689606	8	28
Niben251Chr10	32268260	32269760	14	30
Niben251Chr10	34783263	34784763	0	0
Niben251Chr10	37624238	37625738	25	16
Niben251Chr10	38190950	38192450	13	24
Niben251Chr10	38504650	38506150	15	39
Niben251Chr10	38522346	38523846	8	10
Niben251Chr10	38522346	38523846	8	10
Niben251Chr10	38875397	38876897	13	10
Niben251Chr10	39088533	39090033	11	8
Niben251Chr10	40273121	40274621	46	63
Niben251Chr10	48354069	48355569	0	0
Niben251Chr10	52974555	52976055	10	6
Niben251Chr10	53100172	53101672	2	0
Niben251Chr10	53197694	53199194	4	6
Niben251Chr10	54140175	54141675	4	2
Niben251Chr10	55505636	55507136	253	194
Niben251Chr10	55513796	55515296	0	0
Niben251Chr10	57144192	57145692	6	12
Niben251Chr10	57776090	57777590	14	18
Niben251Chr10	58508952	58510452	38	100
Niben251Chr10	60536983	60538483	0	8
Niben251Chr10	60687135	60688635	951	876
Niben251Chr10	61584505	61586005	0	2
Niben251Chr10	65784503	65786003	0	5
Niben251Chr10	65989297	65990797	6	4
Niben251Chr10	66712890	66714390	12	13
Niben251Chr10	81039518	81041018	7	10
Niben251Chr10	81351343	81352843	2	8
Niben251Chr10	81418003	81419503	8	18
Niben251Chr10	81418003	81419503	8	18
Niben251Chr10	81734903	81736403	52	39
Niben251Chr10	83456639	83458139	4	6
Niben251Chr10	87172241	87173741	2	7
Niben251Chr10	87253968	87255468	8	5
Niben251Chr10	89912924	89914424	76	95
Niben251Chr10	90749487	90750987	5	5
Niben251Chr10	93365201	93366701	4	4
Niben251Chr10	93380161	93381661	2	4
Niben251Chr10	98203490	98204990	453	332
Niben251Chr10	100316608	100318108	4	11
Niben251Chr10	113386037	113387537	1	15
Niben251Chr10	119153931	119155431	2	4
Niben251Chr10	119153931	119155431	2	4
Niben251Chr10	124262621	124264121	13	23
Niben251Chr10	133685070	133686570	4	4
Niben251Chr10	133724596	133726096	8	23
Niben251Chr10	134111269	134112769	6	13
Niben251Chr10	135175614	135177114	28	54
Niben251Chr11	1804153	1805653	2	4
Niben251Chr11	2974290	2975790	52	64
Niben251Chr11	7597406	7598906	18	32
Niben251Chr11	10828157	10829657	36	43
Niben251Chr11	25151816	25153316	4	4
Niben251Chr11	25316825	25318325	12	7
Niben251Chr11	25397995	25399495	0	0
Niben251Chr11	27142254	27143754	6	19
Niben251Chr11	27142254	27143754	6	19
Niben251Chr11	33551925	33553425	6	8
Niben251Chr11	34832705	34834205	2256	1554
Niben251Chr11	34832705	34834205	2256	1554
Niben251Chr11	34832705	34834205	2256	1554
Niben251Chr11	34832705	34834205	2256	1554
Niben251Chr11	34956139	34957639	18	21
Niben251Chr11	42933246	42934746	4	4
Niben251Chr11	57892331	57893831	14	14
Niben251Chr11	59499732	59501232	12	10
Niben251Chr11	61978925	61980425	17	24
Niben251Chr11	66570901	66572401	2	0
Niben251Chr11	67577991	67579491	821	383
Niben251Chr11	69138022	69139522	20	28
Niben251Chr11	74969286	74970786	5	8
Niben251Chr11	75958184	75959684	11	7
Niben251Chr11	75938432	75939932	17	60
Niben251Chr11	79389844	79391344	11	10
Niben251Chr11	81018936	81020436	14	16
Niben251Chr11	83123158	83124658	71	41
Niben251Chr11	83123158	83124658	71	41
Niben251Chr11	88643881	88645381	6	13
Niben251Chr11	88663472	88664972	1	6
Niben251Chr11	89263122	89264622	63	43
Niben251Chr11	89292598	89294098	26	67
Niben251Chr11	95480157	95481657	8	11
Niben251Chr11	96230696	96232196	8	4
Niben251Chr11	98053130	98054630	23	27
Niben251Chr11	105969309	105970809	15	18
Niben251Chr11	111765654	111767154	16	2
Niben251Chr11	112316323	112317823	14	17
Niben251Chr11	112316323	112317823	14	17
Niben251Chr11	113769830	113771330	2	6
Niben251Chr11	117604145	117605645	17	25
Niben251Chr11	118999982	119001482	278	436
Niben251Chr11	120761324	120762824	11	43
Niben251Chr11	123043890	123045390	0	1
Niben251Chr11	124720729	124722229	155	95
Niben251Chr11	124720729	124722229	155	95
Niben251Chr11	124720729	124722229	155	95
Niben251Chr11	127030338	127031838	0	0
Niben251Chr11	128019854	128021354	7	43
Niben251Chr11	132915238	132916738	13	4
Niben251Chr11	133706318	133707818	4	6
Niben251Chr11	137926067	137927567	4	2
Niben251Chr11	138029142	138030642	46	6
Niben251Chr11	140356829	140358329	24	16
Niben251Chr11	140557922	140559422	0	0
Niben251Chr11	141139319	141140819	29	35
Niben251Chr11	142629909	142631409	6	0
Niben251Chr11	143512376	143513876	57	109
Niben251Chr12	970868	972368	6	7
Niben251Chr12	958908	960408	24	22
Niben251Chr12	4300317	4301817	4	10
Niben251Chr12	6471936	6473436	4	13
Niben251Chr12	6569109	6570609	485	394
Niben251Chr12	8276213	8277713	169	125
Niben251Chr12	8276213	8277713	169	125
Niben251Chr12	10590275	10591775	6	10
Niben251Chr12	13274875	13276375	2	28
Niben251Chr12	15704384	15705884	102	62
Niben251Chr12	16120893	16122393	15	44
Niben251Chr12	16120893	16122393	15	44
Niben251Chr12	16797259	16798759	2	8
Niben251Chr12	17973238	17974738	4	5
Niben251Chr12	17973238	17974738	4	5
Niben251Chr12	22327077	22328577	2	0
Niben251Chr12	22596133	22597633	6	2
Niben251Chr12	22596133	22597633	6	2
Niben251Chr12	22717675	22719175	6	10
Niben251Chr12	24743373	24744873	55	42
Niben251Chr12	25509127	25510627	12	6
Niben251Chr12	26872206	26873706	6	48
Niben251Chr12	27575980	27577480	12	22
Niben251Chr12	27890836	27892336	14	14
Niben251Chr12	30187583	30189083	20	64
Niben251Chr12	30931600	30933100	0	0
Niben251Chr12	30931600	30933100	0	0
Niben251Chr12	31388521	31390021	3	6
Niben251Chr12	31388521	31390021	3	6
Niben251Chr12	36233779	36235279	2	21
Niben251Chr12	37333690	37335190	618	660
Niben251Chr12	37747036	37748536	4	6
Niben251Chr12	41503213	41504713	4	6
Niben251Chr12	42833984	42835484	0	0
Niben251Chr12	42845656	42847156	0	0
Niben251Chr12	46935017	46936517	0	2
Niben251Chr12	53793179	53794679	6	0
Niben251Chr12	54070447	54071947	10	26
Niben251Chr12	54813122	54814622	50	93
Niben251Chr12	54813122	54814622	50	93
Niben251Chr12	59259688	59261188	48	48
Niben251Chr12	62263585	62265085	888	749
Niben251Chr12	62263585	62265085	888	749
Niben251Chr12	62263585	62265085	888	749
Niben251Chr12	62263585	62265085	888	749
Niben251Chr12	62869014	62870514	13	53
Niben251Chr12	62900603	62902103	3	7
Niben251Chr12	62968378	62969878	152	114
Niben251Chr12	64436493	64437993	28	20
Niben251Chr12	64524397	64525897	8	4
Niben251Chr12	64672196	64673696	62	59
Niben251Chr12	65468319	65469819	4	4
Niben251Chr12	69583777	69585277	4	14
Niben251Chr12	69583777	69585277	4	14
Niben251Chr12	70139944	70141444	6	4
Niben251Chr12	70139944	70141444	6	4
Niben251Chr12	70134372	70135872	4	12
Niben251Chr12	70159682	70161182	30	46
Niben251Chr12	70114496	70115996	5	4
Niben251Chr12	73239935	73241435	14	29
Niben251Chr12	74884474	74885974	177	161
Niben251Chr12	75074134	75075634	16	17
Niben251Chr12	77549694	77551194	13	13
Niben251Chr12	77810290	77811790	10	4
Niben251Chr12	80341181	80342681	8	14
Niben251Chr12	80512326	80513826	8	2
Niben251Chr12	83367650	83369150	505	405
Niben251Chr12	90804517	90806017	0	5
Niben251Chr12	96973454	96974954	0	3
Niben251Chr12	104707236	104708736	56	28
Niben251Chr12	106668480	106669980	0	6
Niben251Chr12	106668480	106669980	0	6
Niben251Chr12	110188272	110189772	4	2
Niben251Chr12	117190963	117192463	53	56
Niben251Chr12	118423924	118425424	30	33
Niben251Chr12	131345675	131347175	8	14
Niben251Chr12	138839009	138840509	12	28
Niben251Chr12	156110876	156112376	6	4
Niben251Chr13	386130	387630	11	11
Niben251Chr13	1421131	1422631	3	12
Niben251Chr13	1421131	1422631	3	12
Niben251Chr13	1777615	1779115	8	12
Niben251Chr13	3241299	3242799	13	12
Niben251Chr13	5707435	5708935	27	23
Niben251Chr13	6142998	6144498	11	36
Niben251Chr13	6142998	6144498	11	36
Niben251Chr13	6332304	6333804	4	12
Niben251Chr13	7352242	7353742	3	8
Niben251Chr13	8929844	8931344	14	6
Niben251Chr13	11513267	11514767	54	50
Niben251Chr13	13086311	13087811	2	4
Niben251Chr13	13086311	13087811	2	4
Niben251Chr13	19922363	19923863	405	226
Niben251Chr13	20054857	20056357	14	17
Niben251Chr13	20680501	20682001	6	3
Niben251Chr13	23966996	23968496	11	18
Niben251Chr13	24565960	24567460	10	18
Niben251Chr13	24565960	24567460	10	18
Niben251Chr13	27580306	27581806	2	6
Niben251Chr13	29619368	29620868	18	14
Niben251Chr13	30704921	30706421	27	34
Niben251Chr13	30901081	30902581	10	18
Niben251Chr13	32485224	32486724	21	18
Niben251Chr13	34291978	34293478	12	9
Niben251Chr13	36475103	36476603	22	11
Niben251Chr13	36560603	36562103	6	6
Niben251Chr13	37820121	37821621	20	22
Niben251Chr13	42131268	42132768	0	11
Niben251Chr13	46642552	46644052	12	19
Niben251Chr13	46642552	46644052	12	19
Niben251Chr13	49109775	49111275	7	12
Niben251Chr13	51744060	51745560	6	4
Niben251Chr13	51744060	51745560	6	4
Niben251Chr13	54467157	54468657	8	18
Niben251Chr13	57697415	57698915	4	2
Niben251Chr13	61328795	61330295	6	2
Niben251Chr13	63262125	63263625	7	9
Niben251Chr13	64737437	64738937	3	6
Niben251Chr13	65486239	65487739	12	19
Niben251Chr13	65659806	65661306	6	13
Niben251Chr13	66996078	66997578	0	6
Niben251Chr13	67413567	67415067	1593	1164
Niben251Chr13	68607664	68609164	72	60
Niben251Chr13	72203744	72205244	12	21
Niben251Chr13	72437858	72439358	14	16
Niben251Chr13	72437858	72439358	14	16
Niben251Chr13	73727674	73729174	87	96
Niben251Chr13	73832672	73834172	34	50
Niben251Chr13	75919645	75921145	499	279
Niben251Chr13	75806288	75807788	10	20
Niben251Chr13	77854143	77855643	22	21
Niben251Chr13	79001748	79003248	4	8
Niben251Chr13	79001748	79003248	4	8
Niben251Chr13	80054715	80056215	14	13
Niben251Chr13	83130344	83131844	3	12
Niben251Chr13	83130344	83131844	3	12
Niben251Chr13	83793531	83795031	2	14
Niben251Chr13	84696878	84698378	8	2
Niben251Chr13	86643695	86645195	12	4
Niben251Chr13	92754171	92755671	14	11
Niben251Chr13	95385422	95386922	2	4
Niben251Chr13	115817272	115818772	321	255
Niben251Chr13	118193291	118194791	4	9
Niben251Chr13	119135765	119137265	16	44
Niben251Chr13	120450696	120452196	9	4
Niben251Chr13	121263450	121264950	84	72
Niben251Chr13	123375074	123376574	10	18
Niben251Chr13	123630471	123631971	0	6
Niben251Chr13	124873439	124874939	11	6
Niben251Chr13	127552149	127553649	4	6
Niben251Chr13	128814851	128816351	315	172
Niben251Chr13	128814851	128816351	315	172
Niben251Chr13	128814851	128816351	315	172
Niben251Chr13	128814851	128816351	315	172
Niben251Chr13	133201956	133203456	2	4
Niben251Chr13	133379862	133381362	0	0
Niben251Chr13	133660679	133662179	43	32
Niben251Chr13	153139668	153141168	2	17
Niben251Chr14	69520	71020	4	13
Niben251Chr14	1593699	1595199	2	12
Niben251Chr14	4053438	4054938	0	2
Niben251Chr14	4931643	4933143	4	10
Niben251Chr14	10462833	10464333	0	0
Niben251Chr14	10475445	10476945	48	40
Niben251Chr14	15628103	15629603	6	18
Niben251Chr14	17743799	17745299	4	7
Niben251Chr14	18549057	18550557	30	22
Niben251Chr14	18603806	18605306	2462	1619
Niben251Chr14	18603806	18605306	2462	1619
Niben251Chr14	18603806	18605306	2462	1619
Niben251Chr14	18603806	18605306	2462	1619
Niben251Chr14	20046207	20047707	0	2
Niben251Chr14	20432656	20434156	44	78
Niben251Chr14	21220184	21221684	23	18
Niben251Chr14	25028540	25030040	4	1
Niben251Chr14	28723468	28724968	25	27
Niben251Chr14	31157198	31158698	64	38
Niben251Chr14	31542099	31543599	78	213
Niben251Chr14	36325700	36327200	2	7
Niben251Chr14	50222417	50223917	345	376
Niben251Chr14	53660386	53661886	14	24
Niben251Chr14	55237244	55238744	4	4
Niben251Chr14	56625846	56627346	6	8
Niben251Chr14	58630132	58631632	19	10
Niben251Chr14	60172263	60173763	10	24
Niben251Chr14	60206175	60207675	4	8
Niben251Chr14	63175354	63176854	1	6
Niben251Chr14	63537884	63539384	32	20
Niben251Chr14	65556869	65558369	9	28
Niben251Chr14	74558992	74560492	8	10
Niben251Chr14	75303859	75305359	15	13
Niben251Chr14	78723130	78724630	12	10
Niben251Chr14	78723130	78724630	12	10
Niben251Chr14	78915843	78917343	5	5
Niben251Chr14	80212115	80213615	4	14
Niben251Chr14	84913296	84914796	0	2
Niben251Chr14	86162731	86164231	16	16
Niben251Chr14	89576738	89578238	10	3
Niben251Chr14	89893316	89894816	11	4
Niben251Chr14	90570779	90572279	2	8
Niben251Chr14	100884710	100886210	2	3
Niben251Chr14	100884710	100886210	2	3
Niben251Chr14	103720312	103721812	6	7
Niben251Chr14	103720312	103721812	6	7
Niben251Chr14	109482921	109484421	94	78
Niben251Chr14	112931213	112932713	11	12
Niben251Chr14	114404119	114405619	0	0
Niben251Chr14	123093552	123095052	38	41
Niben251Chr14	129244400	129245900	6	0
Niben251Chr14	132757271	132758771	2	3
Niben251Chr14	133700973	133702473	4	9
Niben251Chr14	133700973	133702473	4	9
Niben251Chr14	135460371	135461871	6	11
Niben251Chr14	136715233	136716733	8	12
Niben251Chr14	136715233	136716733	8	12
Niben251Chr14	137455727	137457227	5	6
Niben251Chr14	139042339	139043839	4	2
Niben251Chr14	141422076	141423576	50	37
Niben251Chr14	144011302	144012802	5	0
Niben251Chr14	147544457	147545957	2	2
Niben251Chr14	147714774	147716274	2	9
Niben251Chr14	151041551	151043051	10	10
Niben251Chr14	151691339	151692839	8	13
Niben251Chr14	153168437	153169937	19	39
Niben251Chr15	620955	622455	40	58
Niben251Chr15	3363555	3365055	2	6
Niben251Chr15	3622363	3623863	10	5
Niben251Chr15	28389272	28390772	74	182
Niben251Chr15	28728189	28729689	3	8
Niben251Chr15	35930430	35931930	4	0
Niben251Chr15	38197142	38198642	13	18
Niben251Chr15	40204964	40206464	4	5
Niben251Chr15	45058270	45059770	0	2
Niben251Chr15	53672214	53673714	12	18
Niben251Chr15	56385821	56387321	19	37
Niben251Chr15	62814205	62815705	12	6
Niben251Chr15	63163557	63165057	7	35
Niben251Chr15	65342106	65343606	458	607
Niben251Chr15	66948352	66949852	9	4
Niben251Chr15	66948352	66949852	9	4
Niben251Chr15	68295906	68297406	6	6
Niben251Chr15	70750275	70751775	0	2
Niben251Chr15	71862829	71864329	4	4
Niben251Chr15	78368326	78369826	10	6
Niben251Chr15	78502124	78503624	8	11
Niben251Chr15	79356035	79357535	6	24
Niben251Chr15	80132756	80134256	12	32
Niben251Chr15	84231126	84232626	7	22
Niben251Chr15	87029795	87031295	247	248
Niben251Chr15	92206955	92208455	323	173
Niben251Chr15	98202510	98204010	30	34
Niben251Chr15	98657755	98659255	2	0
Niben251Chr15	103401135	103402635	25	111
Niben251Chr15	103401135	103402635	25	111
Niben251Chr15	103511553	103513053	2	7
Niben251Chr15	104901730	104903230	2	0
Niben251Chr15	104929740	104931240	8	6
Niben251Chr15	110303620	110305120	9	4
Niben251Chr15	111859166	111860666	6	9
Niben251Chr15	113239226	113240726	13	45
Niben251Chr15	114368238	114369738	1	4
Niben251Chr15	119816718	119818218	12	37
Niben251Chr15	121561889	121563389	2	9
Niben251Chr15	125597787	125599287	0	2
Niben251Chr15	125597787	125599287	0	2
Niben251Chr15	131535292	131536792	0	0
Niben251Chr15	131653859	131655359	7	37
Niben251Chr15	136081826	136083326	15	8
Niben251Chr15	136326082	136327582	7	25
Niben251Chr15	137231219	137232719	12	8
Niben251Chr15	142313738	142315238	33	78
Niben251Chr15	143526533	143528033	17	14
Niben251Chr15	145800949	145802449	14	19
Niben251Chr15	147982134	147983634	30	31
Niben251Chr15	151788726	151790226	109	49
Niben251Chr16	4454289	4455789	22	32
Niben251Chr16	5272668	5274168	0	0
Niben251Chr16	10165058	10166558	10	1
Niben251Chr16	15964169	15965669	1952	1855
Niben251Chr16	15964169	15965669	1952	1855
Niben251Chr16	15964169	15965669	1952	1855
Niben251Chr16	15964169	15965669	1952	1855
Niben251Chr16	15969218	15970718	1609	875
Niben251Chr16	15969218	15970718	1609	875
Niben251Chr16	15969218	15970718	1609	875
Niben251Chr16	15969218	15970718	1609	875
Niben251Chr16	16696589	16698089	237	696
Niben251Chr16	17890357	17891857	10	9
Niben251Chr16	17937601	17939101	15	30
Niben251Chr16	18565435	18566935	8	12
Niben251Chr16	19882520	19884020	209	232
Niben251Chr16	20191018	20192518	12	13
Niben251Chr16	20375377	20376877	21	24
Niben251Chr16	20985827	20987327	30	15
Niben251Chr16	20974923	20976423	115	96
Niben251Chr16	21525795	21527295	4	14
Niben251Chr16	21525795	21527295	4	14
Niben251Chr16	21965388	21966888	22	10
Niben251Chr16	24476452	24477952	79	70
Niben251Chr16	25413428	25414928	2	32
Niben251Chr16	26902559	26904059	17	23
Niben251Chr16	27926148	27927648	5	60
Niben251Chr16	27926148	27927648	5	60
Niben251Chr16	29388903	29390403	9	8
Niben251Chr16	31188297	31189797	34	63
Niben251Chr16	34052817	34054317	40	92
Niben251Chr16	34118077	34119577	8	12
Niben251Chr16	34143283	34144783	26	10
Niben251Chr16	34251558	34253058	18	112
Niben251Chr16	34301906	34303406	11	16
Niben251Chr16	34301906	34303406	11	16
Niben251Chr16	35262933	35264433	15	17
Niben251Chr16	43627028	43628528	7	7
Niben251Chr16	44159030	44160530	30	63
Niben251Chr16	46681510	46683010	8	10
Niben251Chr16	46779661	46781161	11	13
Niben251Chr16	47787456	47788956	3	7
Niben251Chr16	48630905	48632405	5	10
Niben251Chr16	57805225	57806725	26	36
Niben251Chr16	58697156	58698656	6	12
Niben251Chr16	59614437	59615937	4	23
Niben251Chr16	60103390	60104890	8	8
Niben251Chr16	60224852	60226352	2	4
Niben251Chr16	66066161	66067661	35	169
Niben251Chr16	66635842	66637342	0	4
Niben251Chr16	72166190	72167690	10	4
Niben251Chr16	72166190	72167690	10	4
Niben251Chr16	74097448	74098948	6	2
Niben251Chr16	74383003	74384503	21	28
Niben251Chr16	82381660	82383160	5	6
Niben251Chr16	83203266	83204766	640	651
Niben251Chr16	83370772	83372272	2	8
Niben251Chr16	84533031	84534531	26	130
Niben251Chr16	91198117	91199617	11	24
Niben251Chr16	91198117	91199617	11	24
Niben251Chr16	91415282	91416782	18	58
Niben251Chr16	91415282	91416782	18	58
Niben251Chr16	91909806	91911306	14	24
Niben251Chr16	91909806	91911306	14	24
Niben251Chr16	94510130	94511630	39	95
Niben251Chr16	95159434	95160934	7	3
Niben251Chr16	95901912	95903412	112	90
Niben251Chr16	100109067	100110567	13	24
Niben251Chr16	100464430	100465930	10	16
Niben251Chr16	101252402	101253902	488	336
Niben251Chr16	103274659	103276159	69	44
Niben251Chr16	106631413	106632913	909	647
Niben251Chr16	109488368	109489868	10	13
Niben251Chr16	122839023	122840523	4	11
Niben251Chr16	125789919	125791419	48	26
Niben251Chr16	126167194	126168694	0	0
Niben251Chr16	129273876	129275376	1	1
Niben251Chr16	129273876	129275376	1	1
Niben251Chr16	133434308	133435808	8	12
Niben251Chr16	133434308	133435808	8	12
Niben251Chr16	135455742	135457242	4	2
Niben251Chr17	2303784	2305284	5	5
Niben251Chr17	4142599	4144099	4	4
Niben251Chr17	5145164	5146664	8	11
Niben251Chr17	5145164	5146664	8	11
Niben251Chr17	5240308	5241808	10	14
Niben251Chr17	5240308	5241808	10	14
Niben251Chr17	7517994	7519494	8	12
Niben251Chr17	11221108	11222608	20	12
Niben251Chr17	11641470	11642970	5	42
Niben251Chr17	11695915	11697415	4	10
Niben251Chr17	17145831	17147331	32	14
Niben251Chr17	17751579	17753079	36	73
Niben251Chr17	18672864	18674364	212	173
Niben251Chr17	26662551	26664051	4	10
Niben251Chr17	42964801	42966301	0	0
Niben251Chr17	45507640	45509140	4	9
Niben251Chr17	56578036	56579536	1802	1518
Niben251Chr17	56578036	56579536	1802	1518
Niben251Chr17	56578036	56579536	1802	1518
Niben251Chr17	56578036	56579536	1802	1518
Niben251Chr17	56626822	56628322	0	0
Niben251Chr17	56626822	56628322	0	0
Niben251Chr17	56626822	56628322	0	0
Niben251Chr17	56626822	56628322	0	0
Niben251Chr17	56652085	56653585	86	39
Niben251Chr17	56652085	56653585	86	39
Niben251Chr17	56652085	56653585	86	39
Niben251Chr17	56652085	56653585	86	39
Niben251Chr17	56683991	56685491	3	7
Niben251Chr17	56683991	56685491	3	7
Niben251Chr17	56683991	56685491	3	7
Niben251Chr17	56683991	56685491	3	7
Niben251Chr17	56629829	56631329	0	0
Niben251Chr17	56629829	56631329	0	0
Niben251Chr17	56629829	56631329	0	0
Niben251Chr17	56629829	56631329	0	0
Niben251Chr17	56655290	56656790	631	317
Niben251Chr17	56655290	56656790	631	317
Niben251Chr17	56655290	56656790	631	317
Niben251Chr17	56655290	56656790	631	317
Niben251Chr17	56700490	56701990	297	115
Niben251Chr17	56700490	56701990	297	115
Niben251Chr17	56700490	56701990	297	115
Niben251Chr17	56700490	56701990	297	115
Niben251Chr17	56701451	56702951	686	415
Niben251Chr17	56701451	56702951	686	415
Niben251Chr17	56701451	56702951	686	415
Niben251Chr17	56701451	56702951	686	415
Niben251Chr17	56811232	56812732	2198	1492
Niben251Chr17	56811232	56812732	2198	1492
Niben251Chr17	56811232	56812732	2198	1492
Niben251Chr17	56811232	56812732	2198	1492
Niben251Chr17	56905801	56907301	638	664
Niben251Chr17	56905801	56907301	638	664
Niben251Chr17	56905801	56907301	638	664
Niben251Chr17	56905801	56907301	638	664
Niben251Chr17	60742380	60743880	10	18
Niben251Chr17	63223812	63225312	13	12
Niben251Chr17	67426037	67427537	6	4
Niben251Chr17	70152722	70154222	52	32
Niben251Chr17	70094139	70095639	5	2
Niben251Chr17	75895194	75896694	0	0
Niben251Chr17	75895194	75896694	0	0
Niben251Chr17	75895194	75896694	0	0
Niben251Chr17	75895194	75896694	0	0
Niben251Chr17	75917186	75918686	0	0
Niben251Chr17	75917186	75918686	0	0
Niben251Chr17	75917186	75918686	0	0
Niben251Chr17	75917186	75918686	0	0
Niben251Chr17	79314627	79316127	6	6
Niben251Chr17	81713930	81715430	7	14
Niben251Chr17	84161169	84162669	25	20
Niben251Chr17	87313607	87315107	37	13
Niben251Chr17	94217291	94218791	3	5
Niben251Chr17	96023756	96025256	16	14
Niben251Chr17	99279604	99281104	6	4
Niben251Chr17	99279604	99281104	6	4
Niben251Chr17	102293353	102294853	28	42
Niben251Chr17	103347737	103349237	18	10
Niben251Chr17	103362555	103364055	367	329
Niben251Chr17	105963026	105964526	29	59
Niben251Chr17	108643775	108645275	18	18
Niben251Chr17	110349521	110351021	0	2
Niben251Chr17	113998714	114000214	15	9
Niben251Chr17	119712959	119714459	12	59
Niben251Chr17	123359467	123360967	6	7
Niben251Chr17	126209273	126210773	68	61
Niben251Chr17	127210412	127211912	54	21
Niben251Chr17	128201313	128202813	12	13
Niben251Chr17	135071175	135072675	9	14
Niben251Chr17	151401964	151403464	4	4
Niben251Chr17	152136560	152138060	2	2
Niben251Chr17	153410219	153411719	0	2
Niben251Chr17	153710475	153711975	2	2
Niben251Chr17	154801036	154802536	4	4
Niben251Chr18	789127	790627	47	111
Niben251Chr18	11314212	11315712	89	117
Niben251Chr18	14460038	14461538	2	0
Niben251Chr18	18432609	18434109	0	4
Niben251Chr18	18432609	18434109	0	4
Niben251Chr18	19141912	19143412	0	0
Niben251Chr18	29757222	29758722	13	14
Niben251Chr18	30020798	30022298	9	19
Niben251Chr18	33647705	33649205	4	4
Niben251Chr18	33631860	33633360	6	2
Niben251Chr18	33790222	33791722	9	4
Niben251Chr18	48445325	48446825	33	32
Niben251Chr18	49289691	49291191	0	2
Niben251Chr18	51250346	51251846	0	7
Niben251Chr18	51478873	51480373	25	24
Niben251Chr18	53249243	53250743	2	2
Niben251Chr18	54125582	54127082	7	6
Niben251Chr18	55276514	55278014	10	6
Niben251Chr18	55423089	55424589	8	12
Niben251Chr18	62553090	62554590	8	12
Niben251Chr18	65580359	65581859	4	3
Niben251Chr18	66325664	66327164	22	65
Niben251Chr18	67105698	67107198	2	4
Niben251Chr18	85065425	85066925	8	4
Niben251Chr18	85794345	85795845	28	28
Niben251Chr18	92530676	92532176	2	0
Niben251Chr18	92530676	92532176	2	0
Niben251Chr18	94792625	94794125	12	4
Niben251Chr18	112510888	112512388	64	50
Niben251Chr18	118016254	118017754	815	331
Niben251Chr18	122898940	122900440	33	67
Niben251Chr18	130212116	130213616	10	9
Niben251Chr18	132064194	132065694	12	12
Niben251Chr18	143457461	143458961	71	50
Niben251Chr18	143682067	143683567	18	18
Niben251Chr18	144478318	144479818	6	9
Niben251Chr18	147548797	147550297	6	6
Niben251Chr18	147568225	147569725	45	28
Niben251Chr19	3668428	3669928	6	8
Niben251Chr19	8265474	8266974	12	11
Niben251Chr19	8381145	8382645	34	28
Niben251Chr19	11620211	11621711	10	4
Niben251Chr19	15164149	15165649	812	722
Niben251Chr19	18296829	18298329	45	34
Niben251Chr19	20119845	20121345	29	12
Niben251Chr19	20286232	20287732	2796	2040
Niben251Chr19	20286232	20287732	2796	2040
Niben251Chr19	20286232	20287732	2796	2040
Niben251Chr19	20286232	20287732	2796	2040
Niben251Chr19	23134649	23136149	2	2
Niben251Chr19	27117459	27118959	16	48
Niben251Chr19	27521140	27522640	2	8
Niben251Chr19	31101814	31103314	24	28
Niben251Chr19	31149752	31151252	4	6
Niben251Chr19	41280556	41282056	13	20
Niben251Chr19	43103848	43105348	2	17
Niben251Chr19	49021337	49022837	7	25
Niben251Chr19	52060339	52061839	9	19
Niben251Chr19	52943083	52944583	469	131
Niben251Chr19	54065652	54067152	8	24
Niben251Chr19	54065652	54067152	8	24
Niben251Chr19	60246873	60248373	22	40
Niben251Chr19	60291749	60293249	14	30
Niben251Chr19	64758062	64759562	4	2
Niben251Chr19	64758062	64759562	4	2
Niben251Chr19	67379708	67381208	8	4
Niben251Chr19	67379708	67381208	8	4
Niben251Chr19	68733013	68734513	4	4
Niben251Chr19	71273664	71275164	189	156
Niben251Chr19	71273664	71275164	189	156
Niben251Chr19	71412039	71413539	19	20
Niben251Chr19	72286060	72287560	4	4
Niben251Chr19	72298267	72299767	2	7
Niben251Chr19	76194515	76196015	32	28
Niben251Chr19	81140987	81142487	860	822
Niben251Chr19	92603807	92605307	20	18
Niben251Chr19	94381506	94383006	0	0
Niben251Chr19	95655945	95657445	387	557
Niben251Chr19	95694579	95696079	11	39
Niben251Chr19	106993421	106994921	0	2
Niben251Chr19	115178387	115179887	24	22
Niben251Chr19	115788941	115790441	0	1
Niben251Chr19	119477823	119479323	12	10
Niben251Chr19	121512621	121514121	0	0
Niben251Chr19	121512621	121514121	0	0
Niben251Chr19	121512621	121514121	0	0
Niben251Chr19	121512621	121514121	0	0
Niben251Chr19	121552367	121553867	4	1
Niben251Chr19	121552367	121553867	4	1
Niben251Chr19	121552367	121553867	4	1
Niben251Chr19	121552367	121553867	4	1
Niben251Chr19	121603852	121605352	5	2
Niben251Chr19	121603852	121605352	5	2
Niben251Chr19	121603852	121605352	5	2
Niben251Chr19	121603852	121605352	5	2
Niben251Chr19	121654945	121656445	6	3
Niben251Chr19	121654945	121656445	6	3
Niben251Chr19	121654945	121656445	6	3
Niben251Chr19	121689924	121691424	5	2
Niben251Chr19	121689924	121691424	5	2
Niben251Chr19	121689924	121691424	5	2
Niben251Chr19	121689924	121691424	5	2
Niben251Chr19	121732039	121733539	4	2
Niben251Chr19	121732039	121733539	4	2
Niben251Chr19	121732039	121733539	4	2
Niben251Chr19	121732039	121733539	4	2
Niben251Chr19	121801573	121803073	2	8
Niben251Chr19	121801573	121803073	2	8
Niben251Chr19	121801573	121803073	2	8
Niben251Chr19	121801573	121803073	2	8
Niben251Chr19	121977683	121979183	506	466
Niben251Chr19	121977683	121979183	506	466
Niben251Chr19	121977683	121979183	506	466
Niben251Chr19	121977683	121979183	506	466
Niben251Chr19	121932466	121933966	6	5
Niben251Chr19	121932466	121933966	6	5
Niben251Chr19	121932466	121933966	6	5
Niben251Chr19	121932466	121933966	6	5
Niben251Chr19	121981820	121983320	539	524
Niben251Chr19	121981820	121983320	539	524
Niben251Chr19	121981820	121983320	539	524
Niben251Chr19	121981820	121983320	539	524
Niben251Chr19	122092694	122094194	21	13
Niben251Chr19	122092694	122094194	21	13
Niben251Chr19	122092694	122094194	21	13
Niben251Chr19	122092694	122094194	21	13
Niben251Chr19	122103548	122105048	561	404
Niben251Chr19	122103548	122105048	561	404
Niben251Chr19	122103548	122105048	561	404
Niben251Chr19	122103548	122105048	561	404
Niben251Chr19	126494858	126496358	24	48
Niben251Chr19	134372465	134373965	8	20
Niben251Chr19	140481751	140483251	5	18
Niben251Chr19	142061955	142063455	2	10
Niben251Chr19	143678812	143680312	2053	985
Niben251Chr19	143678812	143680312	2053	985
Niben251Chr19	143678812	143680312	2053	985
Niben251Chr19	145256368	145257868	6	5
Niben251Chr19	146998559	147000059	18	48
Niben251Chr19	148198477	148199977	7	8
Niben251Scf00257	8417	9917	0	2
Niben251Scf00681	647	2147	2	2
Niben251Scf00681	647	2147	2	2
Niben251Scf01931	1454	2954	8	14
Niben251Scf02333	2033	3533	38	18
Niben251Scf02333	2033	3533	38	18
Niben251Scf03555	13764	15264	0	0
Niben251Scf06733	2793	4293	49	32
Niben251Scf10163	428	1928	0	0
Niben251Scf12485	1707	3207	0	0
Niben251Scf12485	1707	3207	0	0
Niben251Scf12485	1707	3207	0	0
Niben251Scf14940	580	2080	0	0
Niben251Scf17245	4945	6445	0	0
