Chr4	24417974	24419474	307	66
Chr5	29061780	29063280	17	7
Chr8	23941237	23942737	189	42
Chr5	29061780	29063280	17	7
Chr5	29061780	29063280	17	7
Chr11	7643120	7644620	124	42
Chr5	29061780	29063280	17	7
Chr2	28700804	28702304	425	185
Chr11	7643120	7644620	124	42
Chr1	24583654	24585154	202	33
Chr8	23941237	23942737	189	42
Chr4	35032146	35033646	214	58
Chr11	14736466	14737966	208	43
Chr4	22837094	22838594	3497	852
Chr4	34374978	34376478	346	68
Chr4	33818241	33819741	186	58
Chr1	24583654	24585154	202	33
Chr1	33256213	33257713	125	43
Chr2	35009038	35010538	281	84
Chr4	32480117	32481617	233	72
Chr1	33256213	33257713	125	43
Chr1	33256213	33257713	125	43
Chr1	33256213	33257713	125	43
Chr1	33256213	33257713	125	43
Chr1	33256213	33257713	125	43
Chr1	33256213	33257713	125	43
Chr1	33256213	33257713	125	43
Chr11	14736466	14737966	208	43
Chr11	14736466	14737966	208	43
Chr2	31170936	31172436	262	87
Chr3	3200312	3201812	209	44
Chr2	31170936	31172436	262	87
Chr3	9641593	9643093	603	195
Chr4	30384512	30386012	176	62
Chr2	28700804	28702304	425	185
Chr11	6287905	6289405	236	126
Chr11	14736466	14737966	208	43
Chr3	32007400	32008900	574	124
Chr2	28683349	28684849	2632	1378
Chr11	7643120	7644620	124	42
Chr2	32987345	32988845	402	88
Chr2	32987345	32988845	402	88
Chr6	4320607	4322107	193	56
Chr2	1291921	1293421	73	17
Chr2	32987345	32988845	402	88
Chr2	28683349	28684849	2632	1378
Chr2	28683349	28684849	2632	1378
Chr2	31793391	31794891	291	71
Chr4	34374978	34376478	346	68
Chr3	9641593	9643093	603	195
Chr2	28683349	28684849	2632	1378
Chr2	23988750	23990250	378	181
Chr4	24888983	24890483	988	416
Chr11	7643120	7644620	124	42
Chr3	9849973	9851473	164	38
Chr5	29061780	29063280	17	7
Chr4	24417974	24419474	307	66
Chr5	29061780	29063280	17	7
Chr6	6703916	6705416	2007	474
Chr5	29061780	29063280	17	7
Chr5	29061780	29063280	17	7
Chr4	23127561	23129061	417	72
Chr2	30886094	30887594	463	78
Chr2	31793391	31794891	291	71
Chr2	31793391	31794891	291	71
Chr6	1645826	1647326	197	50
Chr6	25749444	25750944	176	56
Chr4	22181599	22183099	250	100
Chr4	22148759	22150259	156	34
Chr2	21130870	21132370	442	82
Chr8	23941237	23942737	189	42
Chr2	32987345	32988845	402	88
Chr1	33256213	33257713	125	43
Chr6	1645826	1647326	197	50
Chr6	1645826	1647326	197	50
Chr2	19972187	19973687	391	39
Chr4	20494975	20496475	2051	522
Chr2	28683349	28684849	2632	1378
Chr2	28683349	28684849	2632	1378
Chr2	28683349	28684849	2632	1378
Chr2	24568294	24569794	297	76
Chr4	24417974	24419474	307	66
Chr4	20242960	20244460	200	68
Chr5	3256568	3258068	153	97
Chr3	34955410	34956910	133	65
Chr2	32987345	32988845	402	88
Chr2	31793391	31794891	291	71
Chr2	31793391	31794891	291	71
Chr2	1291921	1293421	73	17
Chr2	30886094	30887594	463	78
Chr11	6287489	6288989	297	145
Chr10	10418011	10419511	236	56
Chr5	25640595	25642095	201	44
Chr11	7643120	7644620	124	42
Chr10	10418011	10419511	236	56
Chr8	23941237	23942737	189	42
Chr4	24417974	24419474	307	66
Chr2	28683349	28684849	2632	1378
Chr2	31793391	31794891	291	71
Chr2	31170936	31172436	262	87
Chr3	3200312	3201812	209	44
Chr2	24568294	24569794	297	76
Chr7	14532304	14533804	1338	401
Chr2	31793391	31794891	291	71
Chr3	34955410	34956910	133	65
Chr1	18123929	18125429	513	138
Chr3	30104096	30105596	227	63
Chr2	33455910	33457410	197	54
Chr2	31793391	31794891	291	71
Chr5	25640595	25642095	201	44
Chr3	9609117	9610617	58	19
Chr11	14736466	14737966	208	43
Chr8	23941237	23942737	189	42
Chr8	21172180	21173680	2428	942
Chr1	12709308	12710808	137	28
Chr2	19972187	19973687	391	39
Chr9	17188976	17190476	199	59
Chr4	24417974	24419474	307	66
Chr9	18468702	18470202	1056	299
Chr4	24417974	24419474	307	66
Chr4	18167723	18169223	382	67
Chr2	30886094	30887594	463	78
Chr2	31793391	31794891	291	71
Chr2	31793391	31794891	291	71
Chr3	9609117	9610617	58	19
Chr3	9609117	9610617	58	19
Chr8	27297676	27299176	291	76
Chr2	32987345	32988845	402	88
Chr12	14424393	14425893	271	42
Chr2	31170936	31172436	262	87
Chr3	3200312	3201812	209	44
Chr1	33256213	33257713	125	43
Chr9	22187092	22188592	183	44
Chr3	14727772	14729272	270	60
Chr7	17906341	17907841	202	45
Chr2	31793391	31794891	291	71
Chr1	33256213	33257713	125	43
Chr5	29061780	29063280	17	7
Chr1	33256213	33257713	125	43
Chr1	33256213	33257713	125	43
Chr3	13160913	13162413	214	86
Chr12	14424393	14425893	271	42
Chr12	14424393	14425893	271	42
Chr2	30886094	30887594	463	78
Chr3	9641593	9643093	603	195
Chr1	39210307	39211807	142	49
Chr7	22317436	22318936	329	184
Chr3	33792443	33793943	193	90
Chr11	14736466	14737966	208	43
Chr3	32007400	32008900	574	124
Chr8	21172180	21173680	2428	942
Chr2	32987345	32988845	402	88
Chr11	7643120	7644620	124	42
Chr3	9849973	9851473	164	38
Chr1	33256213	33257713	125	43
Chr3	17084388	17085888	552	154
Chr5	29061780	29063280	17	7
Chr6	6031410	6032910	251	72
Chr2	28683349	28684849	2632	1378
Chr8	23941237	23942737	189	42
Chr3	14232207	14233707	353	59
Chr2	28683349	28684849	2632	1378
Chr11	7643120	7644620	124	42
Chr5	29061780	29063280	17	7
Chr5	29061780	29063280	17	7
Chr5	29061780	29063280	17	7
Chr4	22148759	22150259	156	34
Chr7	28475421	28476921	99	25
Chr8	23941237	23942737	189	42
Chr6	6703916	6705416	2007	474
Chr1	23606348	23607848	474	212
Chr9	10844678	10846178	1604	355
Chr1	30029998	30031498	178	64
Chr7	22486421	22487921	5274	1156
Chr11	14736466	14737966	208	43
Chr4	24859161	24860661	168	40
Chr2	32987345	32988845	402	88
Chr2	31793391	31794891	291	71
Chr2	32987345	32988845	402	88
Chr2	28683349	28684849	2632	1378
Chr5	29061780	29063280	17	7
Chr5	29061780	29063280	17	7
Chr1	7497891	7499391	153	25
Chr5	29061780	29063280	17	7
Chr5	29061780	29063280	17	7
Chr5	29061780	29063280	17	7
Chr8	16585921	16587421	180	26
Chr11	22659715	22661215	296	70
Chr3	14525166	14526666	355	74
Chr11	22659470	22660970	295	75
Chr12	22180001	22181501	245	68
Chr2	28683349	28684849	2632	1378
Chr1	33256213	33257713	125	43
Chr11	14736466	14737966	208	43
Chr3	32007400	32008900	574	124
Chr2	28683349	28684849	2632	1378
Chr3	32007400	32008900	574	124
Chr11	14736466	14737966	208	43
Chr7	2137729	2139229	1285	502
Chr3	32786820	32788320	405	107
Chr5	29061780	29063280	17	7
Chr5	25640595	25642095	201	44
Chr3	9849973	9851473	164	38
Chr4	24859161	24860661	168	40
Chr3	25612825	25614325	219	43
Chr5	3256568	3258068	153	97
Chr4	22148759	22150259	156	34
Chr7	16515	18015	35	14
Chr11	14736466	14737966	208	43
Chr2	31793391	31794891	291	71
Chr2	31793391	31794891	291	71
Chr8	23941237	23942737	189	42
Chr11	7643120	7644620	124	42
Chr8	23941237	23942737	189	42
Chr8	23941237	23942737	189	42
Chr1	33256213	33257713	125	43
Chr1	7497891	7499391	153	25
Chr3	13160913	13162413	214	86
Chr2	28683349	28684849	2632	1378
Chr3	9849973	9851473	164	38
Chr1	12709308	12710808	137	28
Chr5	3302197	3303697	234	38
Chr2	31793391	31794891	291	71
Chr5	27877038	27878538	669	304
Chr5	27877038	27878538	669	304
Chr5	3302197	3303697	234	38
Chr5	27985871	27987371	242	49
Chr3	9849973	9851473	164	38
Chr1	23606348	23607848	474	212
Chr1	30029998	30031498	178	64
Chr9	10844678	10846178	1604	355
Chr7	22486421	22487921	5274	1156
Chr11	14736466	14737966	208	43
Chr5	29063582	29065082	100	35
Chr1	24583654	24585154	202	33
Chr6	6703916	6705416	2007	474
Chr5	3302197	3303697	234	38
Chr11	7643120	7644620	124	42
Chr5	3256568	3258068	153	97
Chr5	19508591	19510091	619	191
Chr2	35009038	35010538	281	84
Chr5	29061780	29063280	17	7
Chr3	30104096	30105596	227	63
Chr2	32987345	32988845	402	88
Chr5	21079380	21080880	528	136
Chr5	19922167	19923667	311	70
Chr11	14736466	14737966	208	43
Chr8	23941237	23942737	189	42
Chr11	7643120	7644620	124	42
Chr3	9849973	9851473	164	38
Chr11	6287905	6289405	236	126
Chr6	6703916	6705416	2007	474
Chr3	17084388	17085888	552	154
Chr1	33256213	33257713	125	43
Chr8	23941237	23942737	189	42
Chr5	25640595	25642095	201	44
Chr8	23941237	23942737	189	42
Chr2	28683349	28684849	2632	1378
Chr1	33256213	33257713	125	43
Chr11	14736466	14737966	208	43
Chr3	9641593	9643093	603	195
Chr1	22533999	22535499	795	288
Chr6	6703916	6705416	2007	474
Chr1	30029998	30031498	178	64
Chr9	10844678	10846178	1604	355
Chr7	22486421	22487921	5274	1156
Chr1	23606348	23607848	474	212
Chr1	24583654	24585154	202	33
Chr6	6703916	6705416	2007	474
Chr3	12528065	12529565	201	80
Chr3	12528065	12529565	201	80
Chr5	29063582	29065082	100	35
Chr3	9849973	9851473	164	38
Chr3	9849973	9851473	164	38
Chr2	28683349	28684849	2632	1378
Chr3	9849973	9851473	164	38
Chr5	27985871	27987371	242	49
Chr3	3200312	3201812	209	44
Chr2	31170936	31172436	262	87
Chr3	32590951	32592451	1824	444
Chr5	27232886	27234386	221	77
Chr2	31793391	31794891	291	71
Chr5	26336824	26338324	263	44
Chr1	30425929	30427429	502	121
Chr5	25640595	25642095	201	44
Chr3	27350716	27352216	181	58
Chr12	1914856	1916356	170	47
Chr3	9641593	9643093	603	195
Chr5	3256568	3258068	153	97
Chr11	7643120	7644620	124	42
Chr1	40065773	40067273	330	114
Chr1	40065773	40067273	330	114
Chr3	34955410	34956910	133	65
Chr1	33256213	33257713	125	43
Chr2	21424656	21426156	219	50
Chr8	23941237	23942737	189	42
Chr2	32987345	32988845	402	88
Chr6	1645826	1647326	197	50
Chr1	37357204	37358704	221	75
Chr10	10418011	10419511	236	56
Chr11	7643120	7644620	124	42
Chr1	35685409	35686909	238	63
Chr1	29829122	29830622	915	285
Chr8	23941237	23942737	189	42
Chr1	33891227	33892727	208	60
Chr1	33256213	33257713	125	43
Chr5	29061780	29063280	17	7
Chr11	14736466	14737966	208	43
Chr2	32987345	32988845	402	88
Chr8	23941237	23942737	189	42
Chr8	23941237	23942737	189	42
Chr1	31410478	31411978	276	65
Chr5	25640595	25642095	201	44
Chr2	31793391	31794891	291	71
Chr2	31793391	31794891	291	71
Chr8	8676955	8678455	390	134
Chr12	14424393	14425893	271	42
Chr1	18123929	18125429	513	138
Chr4	22148759	22150259	156	34
Chr2	28683349	28684849	2632	1378
Chr8	28083798	28085298	1148	342
Chr2	28683349	28684849	2632	1378
Chr1	29829122	29830622	915	285
Chr3	32786820	32788320	405	107
Chr8	23941237	23942737	189	42
Chr5	3302197	3303697	234	38
Chr2	28683349	28684849	2632	1378
Chr8	23941237	23942737	189	42
Chr2	31793391	31794891	291	71
Chr3	31223226	31224726	207	55
Chr3	30196260	30197760	584	159
Chr6	6031410	6032910	251	72
Chr3	30202734	30204234	261	56
Chr11	7643120	7644620	124	42
Chr3	9849973	9851473	164	38
Chr12	14424393	14425893	271	42
Chr2	30475273	30476773	3356	1429
Chr3	28685958	28687458	11246	4458
Chr6	8703831	8705331	4601	1834
Chr3	28455912	28457412	316	46
Chr1	29829122	29830622	915	285
Chr3	25612825	25614325	219	43
Chr5	3302197	3303697	234	38
Chr8	23941237	23942737	189	42
Chr9	10844678	10846178	1604	355
Chr1	30029998	30031498	178	64
Chr1	23606348	23607848	474	212
Chr10	19162004	19163504	322	126
Chr2	30886094	30887594	463	78
Chr3	13160913	13162413	214	86
Chr6	6703916	6705416	2007	474
Chr11	6287905	6289405	236	126
Chr2	31793391	31794891	291	71
Chr3	9641593	9643093	603	195
Chr2	28683349	28684849	2632	1378
Chr1	12709308	12710808	137	28
Chr10	10418011	10419511	236	56
Chr10	10418011	10419511	236	56
Chr11	7643120	7644620	124	42
Chr2	28683349	28684849	2632	1378
Chr3	9849973	9851473	164	38
Chr2	32987345	32988845	402	88
Chr2	28683349	28684849	2632	1378
Chr3	9849973	9851473	164	38
Chr5	22370205	22371705	365	61
Chr3	3200312	3201812	209	44
Chr2	31170936	31172436	262	87
Chr2	1291921	1293421	73	17
Chr3	9849973	9851473	164	38
Chr1	24583654	24585154	202	33
Chr8	23941237	23942737	189	42
Chr2	30886094	30887594	463	78
Chr3	9641593	9643093	603	195
Chr4	22148759	22150259	156	34
Chr11	14736466	14737966	208	43
Chr6	25900317	25901817	153	51
Chr2	31793391	31794891	291	71
Chr1	22533999	22535499	795	288
Chr11	6287905	6289405	236	126
Chr2	32987345	32988845	402	88
Chr2	5327801	5329301	159	50
Chr11	14736466	14737966	208	43
Chr4	24417974	24419474	307	66
Chr2	21424656	21426156	219	50
Chr11	14736466	14737966	208	43
Chr3	32007400	32008900	574	124
Chr1	24583654	24585154	202	33
Chr3	9849973	9851473	164	38
Chr6	6703916	6705416	2007	474
Chr11	6287905	6289405	236	126
Chr5	3302197	3303697	234	38
Chr5	3256568	3258068	153	97
Chr2	31170936	31172436	262	87
Chr3	3200312	3201812	209	44
Chr4	20242960	20244460	200	68
Chr6	1645826	1647326	197	50
Chr2	19972187	19973687	391	39
Chr8	23941237	23942737	189	42
Chr2	28683349	28684849	2632	1378
Chr2	28683349	28684849	2632	1378
Chr11	7643120	7644620	124	42
Chr4	22148759	22150259	156	34
Chr5	29061780	29063280	17	7
Chr6	25749444	25750944	176	56
Chr6	25749444	25750944	176	56
Chr2	31793391	31794891	291	71
Chr6	1645826	1647326	197	50
Chr2	31793391	31794891	291	71
Chr2	35009038	35010538	281	84
Chr11	14736466	14737966	208	43
Chr2	31793391	31794891	291	71
Chr11	7643120	7644620	124	42
Chr3	9849973	9851473	164	38
Chr4	24417974	24419474	307	66
Chr2	23984386	23985886	232	74
Chr2	23988750	23990250	378	181
Chr4	24888983	24890483	988	416
Chr2	24568294	24569794	297	76
Chr2	28683349	28684849	2632	1378
Chr4	34374978	34376478	346	68
Chr2	31793391	31794891	291	71
Chr2	31793391	31794891	291	71
Chr2	25590304	25591804	227	35
Chr11	14736466	14737966	208	43
Chr6	6703916	6705416	2007	474
Chr2	33428949	33430449	372	150
Chr2	32987345	32988845	402	88
Chr4	24417974	24419474	307	66
Chr2	28683349	28684849	2632	1378
Chr2	28700804	28702304	425	185
Chr11	7643120	7644620	124	42
Chr3	9641593	9643093	603	195
Chr11	14736466	14737966	208	43
Chr1	33256213	33257713	125	43
Chr11	14736466	14737966	208	43
Chr3	32007400	32008900	574	124
Chr2	28683349	28684849	2632	1378
Chr11	14736466	14737966	208	43
Chr2	30475273	30476773	3356	1429
Chr6	8703831	8705331	4601	1834
Chr3	28685958	28687458	11246	4458
Chr3	9609117	9610617	58	19
Chr6	7708065	7709565	98	30
Chr2	30886094	30887594	463	78
Chr2	28683349	28684849	2632	1378
Chr2	31170936	31172436	262	87
Chr2	31245225	31246725	325	126
Chr11	14736466	14737966	208	43
Chr3	32007400	32008900	574	124
Chr1	29829122	29830622	915	285
Chr2	31647468	31648968	161	63
Chr3	4781070	4782570	144	79
Chr8	21172180	21173680	2428	942
Chr9	17188976	17190476	199	59
Chr2	32987345	32988845	402	88
Chr2	32987345	32988845	402	88
Chr11	6287905	6289405	236	126
Chr6	6703916	6705416	2007	474
Chr2	33428949	33430449	372	150
Chr2	33455910	33457410	197	54
Chr5	25640595	25642095	201	44
Chr11	6287905	6289405	236	126
Chr6	6703916	6705416	2007	474
Chr2	35009038	35010538	281	84
Chr5	29061780	29063280	17	7
Chr7	16515	18015	35	14
Chr2	28683349	28684849	2632	1378
Chr7	2137729	2139229	1285	502
Chr8	23941237	23942737	189	42
Chr2	24568294	24569794	297	76
Chr2	28683349	28684849	2632	1378
Chr1	29829122	29830622	915	285
Chr4	13801276	13802776	214	40
Chr12	14424393	14425893	271	42
Chr2	32987345	32988845	402	88
Chr2	32987345	32988845	402	88
Chr2	32987345	32988845	402	88
Chr2	28683349	28684849	2632	1378
Chr2	31793391	31794891	291	71
Chr2	31793391	31794891	291	71
Chr2	31793391	31794891	291	71
Chr2	31793391	31794891	291	71
Chr2	31793391	31794891	291	71
Chr2	31793391	31794891	291	71
Chr2	31793391	31794891	291	71
Chr3	30104096	30105596	227	63
Chr3	34955410	34956910	133	65
Chr1	18123929	18125429	513	138
Chr5	29061780	29063280	17	7
Chr11	14736466	14737966	208	43
Chr3	32007400	32008900	574	124
Chr3	32007400	32008900	574	124
Chr11	14736466	14737966	208	43
Chr3	32007400	32008900	574	124
Chr11	14736466	14737966	208	43
Chr3	32007400	32008900	574	124
Chr11	14736466	14737966	208	43
Chr2	32987345	32988845	402	88
Chr7	14532304	14533804	1338	401
Chr4	34374978	34376478	346	68
Chr2	35009038	35010538	281	84
Chr1	29829122	29830622	915	285
Chr6	25900317	25901817	153	51
Chr3	13160913	13162413	214	86
Chr3	13160913	13162413	214	86
Chr9	5865442	5866942	2534	509
Chr7	22486421	22487921	5274	1156
Chr1	23606348	23607848	474	212
Chr9	10844678	10846178	1604	355
Chr1	30029998	30031498	178	64
Chr2	32987345	32988845	402	88
Chr2	33455910	33457410	197	54
Chr2	28683349	28684849	2632	1378
Chr3	32007400	32008900	574	124
Chr8	16585921	16587421	180	26
Chr2	31647468	31648968	161	63
Chr3	4781070	4782570	144	79
Chr1	29829122	29830622	915	285
Chr5	25640595	25642095	201	44
Chr1	33256213	33257713	125	43
Chr11	14736466	14737966	208	43
Chr3	28455912	28457412	316	46
Chr5	29061780	29063280	17	7
Chr8	23941237	23942737	189	42
Chr8	23941237	23942737	189	42
Chr2	32987345	32988845	402	88
Chr9	17188976	17190476	199	59
Chr6	6031410	6032910	251	72
Chr2	28683349	28684849	2632	1378
Chr2	32987345	32988845	402	88
Chr2	28683349	28684849	2632	1378
Chr9	18468702	18470202	1056	299
Chr3	1908201	1909701	139	21
Chr9	18714286	18715786	144	65
Chr4	24417974	24419474	307	66
Chr3	9641593	9643093	603	195
Chr4	18167723	18169223	382	67
Chr3	35860518	35862018	250	98
Chr2	31793391	31794891	291	71
Chr2	31793391	31794891	291	71
Chr3	9609117	9610617	58	19
Chr2	30886094	30887594	463	78
Chr1	25972522	25974022	288	156
Chr2	31793391	31794891	291	71
Chr9	20750729	20752229	232	55
Chr1	33256213	33257713	125	43
Chr2	32987345	32988845	402	88
Chr12	14424393	14425893	271	42
Chr2	31170936	31172436	262	87
Chr3	3200312	3201812	209	44
Chr3	14727772	14729272	270	60
Chr9	22187092	22188592	183	44
Chr2	28683349	28684849	2632	1378
Chr1	33256213	33257713	125	43
Chr7	22486421	22487921	5274	1156
Chr1	23606348	23607848	474	212
Chr1	30029998	30031498	178	64
Chr9	10844678	10846178	1604	355
Chr3	3200312	3201812	209	44
Chr2	31170936	31172436	262	87
Chr1	33256213	33257713	125	43
Chr7	17906341	17907841	202	45
Chr1	33256213	33257713	125	43
Chr1	33256213	33257713	125	43
Chr11	14736466	14737966	208	43
Chr1	33256213	33257713	125	43
Chr1	33256213	33257713	125	43
Chr1	33256213	33257713	125	43
Chr1	33256213	33257713	125	43
Chr11	14736466	14737966	208	43
Chr11	14736466	14737966	208	43
Chr1	33256213	33257713	125	43
Chr1	33256213	33257713	125	43
Chr5	22370205	22371705	365	61
Chr3	13160913	13162413	214	86
Chr12	14424393	14425893	271	42
Chr12	14424393	14425893	271	42
Chr1	33256213	33257713	125	43
Chr1	33256213	33257713	125	43
Chr1	33256213	33257713	125	43
Chr1	33256213	33257713	125	43
Chr7	22317436	22318936	329	184
Chr7	22486421	22487921	5274	1156
Chr9	10844678	10846178	1604	355
Chr1	30029998	30031498	178	64
Chr1	23606348	23607848	474	212
Chr11	7643120	7644620	124	42
Chr3	33792443	33793943	193	90
Chr3	32007400	32008900	574	124
Chr11	14736466	14737966	208	43
Chr11	14736466	14737966	208	43
Chr3	32007400	32008900	574	124
Chr8	21172180	21173680	2428	942
Chr2	32987345	32988845	402	88
Chr2	28683349	28684849	2632	1378
Chr2	30886094	30887594	463	78
Chr11	7643120	7644620	124	42
Chr11	6287905	6289405	236	126
Chr3	17084388	17085888	552	154
Chr7	24983630	24985130	308	64
Chr8	23941237	23942737	189	42
Chr3	14727772	14729272	270	60
Chr8	23941237	23942737	189	42
Chr3	14525166	14526666	355	74
Chr2	28683349	28684849	2632	1378
Chr10	10418011	10419511	236	56
Chr8	23941237	23942737	189	42
Chr11	26262726	26264226	137	39
Chr11	7643120	7644620	124	42
Chr3	13160913	13162413	214	86
Chr2	32987345	32988845	402	88
Chr8	23941237	23942737	189	42
Chr6	6703916	6705416	2007	474
Chr3	9641593	9643093	603	195
Chr5	29061780	29063280	17	7
Chr3	9641593	9643093	603	195
Chr2	28683349	28684849	2632	1378
Chr8	23941237	23942737	189	42
Chr8	23941237	23942737	189	42
Chr8	23941237	23942737	189	42
Chr5	29061780	29063280	17	7
Chr11	9176006	9177506	682	227
Chr1	33256213	33257713	125	43
Chr3	3200312	3201812	209	44
Chr2	31170936	31172436	262	87
Chr1	33256213	33257713	125	43
Chr2	28683349	28684849	2632	1378
Chr8	23941237	23942737	189	42
Chr6	6031410	6032910	251	72
Chr2	32987345	32988845	402	88
Chr12	4505723	4507223	1513	523
Chr12	22180001	22181501	245	68
Chr4	22148759	22150259	156	34
Chr12	14424393	14425893	271	42
Chr11	7643120	7644620	124	42
Chr4	24859161	24860661	168	40
Chr3	34704961	34706461	47	10
Chr3	9641593	9643093	603	195
Chr11	14736466	14737966	208	43
Chr1	33256213	33257713	125	43
Chr2	31170936	31172436	262	87
Chr11	14736466	14737966	208	43
Chr2	31793391	31794891	291	71
Chr3	9849973	9851473	164	38
Chr11	14736466	14737966	208	43
Chr3	32007400	32008900	574	124
Chr2	33428949	33430449	372	150
Chr3	9849973	9851473	164	38
Chr8	23941237	23942737	189	42
Chr3	9849973	9851473	164	38
Chr2	30886094	30887594	463	78
Chr2	1291921	1293421	73	17
Chr2	32987345	32988845	402	88
Chr2	32987345	32988845	402	88
Chr2	31793391	31794891	291	71
Chr2	31793391	31794891	291	71
Chr4	18167723	18169223	382	67
Chr3	34955410	34956910	133	65
Chr5	3256568	3258068	153	97
Chr4	24417974	24419474	307	66
Chr6	1645826	1647326	197	50
Chr6	1645826	1647326	197	50
Chr1	33256213	33257713	125	43
Chr1	33256213	33257713	125	43
Chr1	33256213	33257713	125	43
Chr1	33256213	33257713	125	43
Chr1	33256213	33257713	125	43
Chr1	33256213	33257713	125	43
Chr1	33256213	33257713	125	43
Chr6	1645826	1647326	197	50
Chr3	9609117	9610617	58	19
Chr2	28683349	28684849	2632	1378
Chr2	19972187	19973687	391	39
Chr5	27985871	27987371	242	49
Chr8	16585921	16587421	180	26
Chr8	16585921	16587421	180	26
Chr2	28683349	28684849	2632	1378
Chr2	28683349	28684849	2632	1378
Chr3	30104096	30105596	227	63
Chr4	24417974	24419474	307	66
Chr3	9849973	9851473	164	38
Chr11	7643120	7644620	124	42
Chr2	23984386	23985886	232	74
Chr2	23988750	23990250	378	181
Chr4	24888983	24890483	988	416
Chr11	6287905	6289405	236	126
Chr3	32007400	32008900	574	124
Chr11	14736466	14737966	208	43
Chr11	14736466	14737966	208	43
Chr3	32007400	32008900	574	124
Chr4	24417974	24419474	307	66
Chr2	32987345	32988845	402	88
Chr11	14736466	14737966	208	43
Chr2	32987345	32988845	402	88
Chr6	4320607	4322107	193	56
Chr2	1291921	1293421	73	17
Chr3	9641593	9643093	603	195
Chr11	14736466	14737966	208	43
Chr1	33256213	33257713	125	43
Chr11	14736466	14737966	208	43
Chr1	33256213	33257713	125	43
Chr11	14736466	14737966	208	43
Chr2	28683349	28684849	2632	1378
Chr1	33256213	33257713	125	43
Chr1	33256213	33257713	125	43
Chr10	19162004	19163504	322	126
Chr4	32854624	32856124	287	91
Chr4	33818241	33819741	186	58
Chr4	34374978	34376478	346	68
Chr4	22837094	22838594	3497	852
Chr4	34736984	34738484	291	61
Chr5	29061780	29063280	17	7
Chr4	35032146	35033646	214	58
Chr3	3200312	3201812	209	44
Chr2	31170936	31172436	262	87
Chr8	23941237	23942737	189	42
Chr3	9849973	9851473	164	38
Chr11	7643120	7644620	124	42
Chr2	32987345	32988845	402	88
Chr8	23941237	23942737	189	42
Chr6	8752128	8753628	1471	322
Chr3	1660942	1662442	283	67
Chr2	28683349	28684849	2632	1378
Chr3	13160913	13162413	214	86
Chr2	32987345	32988845	402	88
Chr6	6703916	6705416	2007	474
Chr11	6287905	6289405	236	126
Chr2	32987345	32988845	402	88
Chr3	3200312	3201812	209	44
Chr2	31170936	31172436	262	87
Chr5	29061780	29063280	17	7
Chr3	3959943	3961443	122	31
Chr1	12709308	12710808	137	28
Chr6	6031410	6032910	251	72
Chr2	31647468	31648968	161	63
Chr3	4781070	4782570	144	79
Chr2	30886094	30887594	463	78
Chr3	9641593	9643093	603	195
Chr2	19972187	19973687	391	39
Chr1	33256213	33257713	125	43
Chr5	25640595	25642095	201	44
Chr1	29829122	29830622	915	285
Chr6	7708065	7709565	98	30
Chr2	28683349	28684849	2632	1378
Chr2	32987345	32988845	402	88
Chr2	28683349	28684849	2632	1378
Chr4	24417974	24419474	307	66
Chr3	32007400	32008900	574	124
Chr3	32007400	32008900	574	124
Chr3	8678110	8679610	351	69
Chr7	16515	18015	35	14
Chr2	19972187	19973687	391	39
Chr8	8676955	8678455	390	134
Chr3	9609117	9610617	58	19
Chr3	9609117	9610617	58	19
Chr3	9641593	9643093	603	195
Chr3	9737065	9738565	179	58
Chr3	9849973	9851473	164	38
Chr8	23941237	23942737	189	42
Chr6	6703916	6705416	2007	474
Chr11	6287905	6289405	236	126
Chr4	22148759	22150259	156	34
Chr3	10909540	10911040	1534	471
Chr2	28683349	28684849	2632	1378
Chr8	23941237	23942737	189	42
Chr3	11730939	11732439	416	82
Chr3	12319856	12321356	1755	655
Chr10	10418011	10419511	236	56
Chr3	12528065	12529565	201	80
Chr8	23941237	23942737	189	42
Chr6	4320607	4322107	193	56
Chr11	26262726	26264226	137	39
Chr11	7643120	7644620	124	42
Chr3	13160913	13162413	214	86
Chr3	13160913	13162413	214	86
Chr3	14005155	14006655	1168	323
Chr3	14525166	14526666	355	74
Chr6	1645826	1647326	197	50
Chr2	28683349	28684849	2632	1378
Chr3	17084388	17085888	552	154
Chr2	32987345	32988845	402	88
Chr2	28683349	28684849	2632	1378
Chr4	24417974	24419474	307	66
Chr8	23941237	23942737	189	42
Chr3	13160913	13162413	214	86
Chr2	28683349	28684849	2632	1378
Chr3	9849973	9851473	164	38
Chr1	33256213	33257713	125	43
Chr6	7708065	7709565	98	30
Chr2	31647468	31648968	161	63
Chr3	4781070	4782570	144	79
Chr2	31170936	31172436	262	87
Chr3	3200312	3201812	209	44
Chr4	13801276	13802776	214	40
Chr3	32007400	32008900	574	124
Chr11	14736466	14737966	208	43
Chr3	9641593	9643093	603	195
Chr11	14736466	14737966	208	43
Chr11	14736466	14737966	208	43
Chr3	25612825	25614325	219	43
Chr2	31793391	31794891	291	71
Chr3	9641593	9643093	603	195
Chr1	33256213	33257713	125	43
Chr1	33256213	33257713	125	43
Chr1	33256213	33257713	125	43
Chr4	24417974	24419474	307	66
Chr2	28683349	28684849	2632	1378
Chr3	9849973	9851473	164	38
Chr11	7643120	7644620	124	42
Chr2	28683349	28684849	2632	1378
Chr3	9641593	9643093	603	195
Chr3	9609117	9610617	58	19
Chr8	27297676	27299176	291	76
Chr5	29061780	29063280	17	7
Chr1	33256213	33257713	125	43
Chr9	17188976	17190476	199	59
Chr11	7643120	7644620	124	42
Chr3	9849973	9851473	164	38
Chr2	33428949	33430449	372	150
Chr11	6287905	6289405	236	126
Chr5	25640595	25642095	201	44
Chr11	14736466	14737966	208	43
Chr8	23941237	23942737	189	42
Chr8	10812833	10814333	321	84
Chr2	28683349	28684849	2632	1378
Chr8	21172180	21173680	2428	942
Chr2	31793391	31794891	291	71
Chr2	30886094	30887594	463	78
Chr1	29829122	29830622	915	285
Chr2	31647468	31648968	161	63
Chr3	4781070	4782570	144	79
Chr5	25640595	25642095	201	44
Chr4	22148759	22150259	156	34
Chr8	16585921	16587421	180	26
Chr3	30104096	30105596	227	63
Chr5	29061780	29063280	17	7
Chr1	33256213	33257713	125	43
Chr1	25972522	25974022	288	156
Chr10	19162004	19163504	322	126
Chr2	30886094	30887594	463	78
Chr1	18123929	18125429	513	138
Chr11	6287905	6289405	236	126
Chr6	6703916	6705416	2007	474
Chr2	31793391	31794891	291	71
Chr11	14736466	14737966	208	43
Chr3	32007400	32008900	574	124
Chr3	32007400	32008900	574	124
Chr11	14736466	14737966	208	43
Chr11	14736466	14737966	208	43
Chr3	32007400	32008900	574	124
Chr3	25612825	25614325	219	43
Chr1	29829122	29830622	915	285
Chr2	32987345	32988845	402	88
Chr7	22486421	22487921	5274	1156
Chr1	30029998	30031498	178	64
Chr9	10844678	10846178	1604	355
Chr1	23606348	23607848	474	212
Chr1	30029998	30031498	178	64
Chr9	10844678	10846178	1604	355
Chr7	22486421	22487921	5274	1156
Chr1	23606348	23607848	474	212
Chr5	29061780	29063280	17	7
Chr2	32987345	32988845	402	88
Chr5	3302197	3303697	234	38
Chr4	24417974	24419474	307	66
Chr2	28683349	28684849	2632	1378
Chr8	23941237	23942737	189	42
Chr3	9641593	9643093	603	195
Chr8	23941237	23942737	189	42
Chr1	29829122	29830622	915	285
Chr3	25612825	25614325	219	43
Chr2	28683349	28684849	2632	1378
Chr2	31793391	31794891	291	71
Chr3	28455912	28457412	316	46
Chr6	8703831	8705331	4601	1834
Chr3	28685958	28687458	11246	4458
Chr3	9609117	9610617	58	19
Chr12	14424393	14425893	271	42
Chr11	7643120	7644620	124	42
Chr3	9849973	9851473	164	38
Chr2	33428949	33430449	372	150
Chr3	9641593	9643093	603	195
Chr3	30104096	30105596	227	63
Chr3	30196260	30197760	584	159
Chr3	30202734	30204234	261	56
Chr1	12709308	12710808	137	28
Chr3	31223226	31224726	207	55
Chr2	31793391	31794891	291	71
Chr2	31793391	31794891	291	71
Chr2	31793391	31794891	291	71
Chr2	31793391	31794891	291	71
Chr2	32987345	32988845	402	88
Chr8	23941237	23942737	189	42
Chr3	32007400	32008900	574	124
Chr11	14736466	14737966	208	43
Chr2	28683349	28684849	2632	1378
Chr5	3302197	3303697	234	38
Chr8	23941237	23942737	189	42
Chr1	29829122	29830622	915	285
Chr8	28083798	28085298	1148	342
Chr3	33792443	33793943	193	90
Chr2	31793391	31794891	291	71
Chr11	14736466	14737966	208	43
Chr3	32007400	32008900	574	124
Chr3	32007400	32008900	574	124
Chr2	31793391	31794891	291	71
Chr1	18123929	18125429	513	138
Chr11	7643120	7644620	124	42
Chr3	9849973	9851473	164	38
Chr3	35860518	35862018	250	98
Chr2	32987345	32988845	402	88
Chr2	28683349	28684849	2632	1378
Chr3	9849973	9851473	164	38
Chr11	7643120	7644620	124	42
Chr3	34955410	34956910	133	65
Chr1	33256213	33257713	125	43
Chr1	33256213	33257713	125	43
Chr1	29829122	29830622	915	285
Chr1	29829122	29830622	915	285
Chr12	14424393	14425893	271	42
Chr6	149746	151246	1129	330
Chr11	6287905	6289405	236	126
Chr2	28683349	28684849	2632	1378
Chr11	7643120	7644620	124	42
Chr6	1645826	1647326	197	50
Chr6	1734635	1736135	240	59
Chr1	33256213	33257713	125	43
Chr3	9849973	9851473	164	38
Chr5	26336824	26338324	263	44
Chr1	30425929	30427429	502	121
Chr6	1645826	1647326	197	50
Chr6	6703916	6705416	2007	474
Chr3	9849973	9851473	164	38
Chr2	32987345	32988845	402	88
Chr6	6703916	6705416	2007	474
Chr6	25900317	25901817	153	51
Chr2	32987345	32988845	402	88
Chr2	28683349	28684849	2632	1378
Chr8	23941237	23942737	189	42
Chr2	28683349	28684849	2632	1378
Chr2	28683349	28684849	2632	1378
Chr6	4320607	4322107	193	56
Chr9	17188976	17190476	199	59
Chr6	6031410	6032910	251	72
Chr2	31793391	31794891	291	71
Chr6	6703916	6705416	2007	474
Chr2	28683349	28684849	2632	1378
Chr2	31793391	31794891	291	71
Chr6	8752128	8753628	1471	322
Chr6	8703831	8705331	4601	1834
Chr3	28685958	28687458	11246	4458
Chr2	30475273	30476773	3356	1429
Chr11	14736466	14737966	208	43
Chr3	32007400	32008900	574	124
Chr3	32007400	32008900	574	124
Chr11	14736466	14737966	208	43
Chr11	14736466	14737966	208	43
Chr3	32007400	32008900	574	124
Chr11	26262726	26264226	137	39
Chr6	6703916	6705416	2007	474
Chr11	6287905	6289405	236	126
Chr5	3302197	3303697	234	38
Chr2	33455910	33457410	197	54
Chr2	32987345	32988845	402	88
Chr1	33256213	33257713	125	43
Chr2	28683349	28684849	2632	1378
Chr2	35009038	35010538	281	84
Chr2	32987345	32988845	402	88
Chr2	28683349	28684849	2632	1378
Chr11	26262726	26264226	137	39
Chr8	23941237	23942737	189	42
Chr5	18890981	18892481	179	35
Chr3	9849973	9851473	164	38
Chr11	7643120	7644620	124	42
Chr2	28683349	28684849	2632	1378
Chr1	37357204	37358704	221	75
Chr8	23941237	23942737	189	42
Chr5	22370205	22371705	365	61
Chr12	14424393	14425893	271	42
Chr5	22678746	22680246	767	223
Chr3	17084388	17085888	552	154
Chr1	35685409	35686909	238	63
Chr2	31793391	31794891	291	71
Chr1	29829122	29830622	915	285
Chr2	31793391	31794891	291	71
Chr3	9641593	9643093	603	195
Chr3	34955410	34956910	133	65
Chr8	23941237	23942737	189	42
Chr5	25640595	25642095	201	44
Chr2	21424656	21426156	219	50
Chr8	23941237	23942737	189	42
Chr5	26336824	26338324	263	44
Chr1	30425929	30427429	502	121
Chr2	31793391	31794891	291	71
Chr2	28683349	28684849	2632	1378
Chr1	29829122	29830622	915	285
Chr1	29829122	29830622	915	285
Chr5	27232886	27234386	221	77
Chr8	16585921	16587421	180	26
Chr5	27877038	27878538	669	304
Chr5	27985871	27987371	242	49
Chr3	9849973	9851473	164	38
Chr9	10844678	10846178	1604	355
Chr1	23606348	23607848	474	212
Chr7	22486421	22487921	5274	1156
Chr1	30029998	30031498	178	64
Chr2	28683349	28684849	2632	1378
Chr2	28683349	28684849	2632	1378
Chr3	9849973	9851473	164	38
Chr12	22180001	22181501	245	68
Chr3	30104096	30105596	227	63
Chr3	9849973	9851473	164	38
Chr1	24583654	24585154	202	33
Chr2	28683349	28684849	2632	1378
Chr5	3302197	3303697	234	38
Chr3	13160913	13162413	214	86
Chr1	7497891	7499391	153	25
Chr4	24417974	24419474	307	66
Chr1	5953887	5955387	195	94
Chr11	7643120	7644620	124	42
Chr5	29061780	29063280	17	7
Chr1	29829122	29830622	915	285
Chr2	31793391	31794891	291	71
Chr2	33455910	33457410	197	54
Chr2	31793391	31794891	291	71
Chr4	24417974	24419474	307	66
Chr11	14736466	14737966	208	43
Chr1	33256213	33257713	125	43
Chr6	1645826	1647326	197	50
Chr5	29061780	29063280	17	7
Chr2	28683349	28684849	2632	1378
Chr2	31793391	31794891	291	71
Chr1	18123929	18125429	513	138
Chr2	19972187	19973687	391	39
Chr4	22148759	22150259	156	34
Chr11	14736466	14737966	208	43
Chr3	25612825	25614325	219	43
Chr2	28683349	28684849	2632	1378
Chr3	9849973	9851473	164	38
Chr2	31245225	31246725	325	126
Chr2	32987345	32988845	402	88
Chr8	23941237	23942737	189	42
Chr1	18123929	18125429	513	138
Chr1	12709308	12710808	137	28
Chr12	22180001	22181501	245	68
Chr11	7643120	7644620	124	42
Chr4	24417974	24419474	307	66
Chr3	34704961	34706461	47	10
Chr8	23941237	23942737	189	42
Chr11	7643120	7644620	124	42
Chr2	31170936	31172436	262	87
Chr3	3200312	3201812	209	44
Chr12	22180001	22181501	245	68
Chr6	1645826	1647326	197	50
Chr2	28683349	28684849	2632	1378
Chr2	31793391	31794891	291	71
Chr12	4505723	4507223	1513	523
Chr11	7643120	7644620	124	42
Chr1	25972522	25974022	288	156
Chr3	3200312	3201812	209	44
Chr2	31170936	31172436	262	87
Chr3	27350716	27352216	181	58
Chr2	28683349	28684849	2632	1378
Chr12	1914856	1916356	170	47
Chr3	9641593	9643093	603	195
Chr11	26262726	26264226	137	39
Chr4	18167723	18169223	382	67
Chr11	7643120	7644620	124	42
Chr2	28683349	28684849	2632	1378
Chr1	39210307	39211807	142	49
Chr2	30886094	30887594	463	78
Chr4	24859161	24860661	168	40
Chr2	28683349	28684849	2632	1378
Chr8	23941237	23942737	189	42
Chr6	1645826	1647326	197	50
Chr1	37357204	37358704	221	75
Chr5	29061780	29063280	17	7
Chr3	9609117	9610617	58	19
Chr3	17084388	17085888	552	154
Chr8	23941237	23942737	189	42
Chr2	28683349	28684849	2632	1378
Chr2	28683349	28684849	2632	1378
Chr2	28683349	28684849	2632	1378
Chr2	24568294	24569794	297	76
Chr8	23941237	23942737	189	42
Chr2	31793391	31794891	291	71
Chr1	33891227	33892727	208	60
Chr2	32987345	32988845	402	88
Chr2	32987345	32988845	402	88
Chr1	33256213	33257713	125	43
Chr1	33256213	33257713	125	43
Chr1	33256213	33257713	125	43
Chr2	32987345	32988845	402	88
Chr8	23941237	23942737	189	42
Chr5	25640595	25642095	201	44
Chr5	25640595	25642095	201	44
Chr1	31410478	31411978	276	65
Chr1	30885840	30887340	172	61
Chr2	31793391	31794891	291	71
Chr1	30425929	30427429	502	121
Chr5	26336824	26338324	263	44
Chr2	32987345	32988845	402	88
Chr1	29829122	29830622	915	285
Chr2	28683349	28684849	2632	1378
Chr1	29203189	29204689	294	56
Chr2	32987345	32988845	402	88
Chr2	31793391	31794891	291	71
Chr5	27232886	27234386	221	77
Chr11	14736466	14737966	208	43
Chr3	32007400	32008900	574	124
Chr2	31793391	31794891	291	71
Chr2	31170936	31172436	262	87
Chr3	3200312	3201812	209	44
Chr5	27985871	27987371	242	49
Chr5	27985871	27987371	242	49
Chr3	9849973	9851473	164	38
Chr11	7643120	7644620	124	42
Chr9	18714286	18715786	144	65
Chr12	22180001	22181501	245	68
Chr3	30104096	30105596	227	63
Chr5	29063582	29065082	100	35
Chr3	12528065	12529565	201	80
Chr6	6703916	6705416	2007	474
Chr3	8678110	8679610	351	69
Chr12	14424393	14425893	271	42
Chr6	6703916	6705416	2007	474
Chr1	22754971	22756471	297	71
Chr2	28683349	28684849	2632	1378
Chr9	10844678	10846178	1604	355
Chr7	22486421	22487921	5274	1156
Chr1	23606348	23607848	474	212
Chr1	30029998	30031498	178	64
Chr7	22486421	22487921	5274	1156
Chr1	30029998	30031498	178	64
Chr1	23606348	23607848	474	212
Chr9	10844678	10846178	1604	355
Chr7	22486421	22487921	5274	1156
Chr9	10844678	10846178	1604	355
Chr1	30029998	30031498	178	64
Chr1	23606348	23607848	474	212
Chr1	30029998	30031498	178	64
Chr7	22486421	22487921	5274	1156
Chr9	10844678	10846178	1604	355
Chr1	23606348	23607848	474	212
Chr2	24568294	24569794	297	76
Chr8	23941237	23942737	189	42
Chr11	7643120	7644620	124	42
Chr3	9849973	9851473	164	38
Chr5	29061780	29063280	17	7
Chr6	7708065	7709565	98	30
Chr2	31170936	31172436	262	87
Chr3	3200312	3201812	209	44
Chr6	6703916	6705416	2007	474
Chr2	28683349	28684849	2632	1378
Chr2	31647468	31648968	161	63
Chr3	4781070	4782570	144	79
Chr1	29829122	29830622	915	285
Chr6	6031410	6032910	251	72
Chr9	17188976	17190476	199	59
Chr2	28683349	28684849	2632	1378
Chr11	26262726	26264226	137	39
Chr6	1645826	1647326	197	50
Chr3	9849973	9851473	164	38
Chr2	33428949	33430449	372	150
Chr5	29061780	29063280	17	7
Chr11	14736466	14737966	208	43
Chr6	1645826	1647326	197	50
Chr11	6287905	6289405	236	126
Chr6	149746	151246	1129	330
Chr8	23941237	23942737	189	42
Chr2	30475273	30476773	3356	1429
Chr6	8703831	8705331	4601	1834
Chr3	28685958	28687458	11246	4458
Chr11	14736466	14737966	208	43
Chr11	14736466	14737966	208	43
Chr3	32007400	32008900	574	124
Chr3	32007400	32008900	574	124
Chr11	14736466	14737966	208	43
Chr11	14736466	14737966	208	43
Chr1	33256213	33257713	125	43
Chr8	23941237	23942737	189	42
Chr11	14736466	14737966	208	43
Chr4	24859161	24860661	168	40
Chr4	24859161	24860661	168	40
Chr6	6703916	6705416	2007	474
Chr11	6287905	6289405	236	126
Chr6	25900317	25901817	153	51
Chr6	25749444	25750944	176	56
Chr2	28683349	28684849	2632	1378
Chr2	32987345	32988845	402	88
Chr3	34955410	34956910	133	65
Chr11	7643120	7644620	124	42
Chr3	9849973	9851473	164	38
Chr4	24888983	24890483	988	416
Chr2	23988750	23990250	378	181
Chr10	10418011	10419511	236	56
Chr6	6703916	6705416	2007	474
Chr3	13160913	13162413	214	86
Chr8	23941237	23942737	189	42
Chr3	3200312	3201812	209	44
Chr3	9849973	9851473	164	38
Chr3	14727772	14729272	270	60
Chr3	14525166	14526666	355	74
Chr3	14232207	14233707	353	59
Chr3	14005155	14006655	1168	323
Chr6	4320607	4322107	193	56
Chr3	13160913	13162413	214	86
Chr11	7643120	7644620	124	42
Chr3	14525166	14526666	355	74
Chr10	10418011	10419511	236	56
Chr3	12393669	12395169	295	58
Chr3	12319856	12321356	1755	655
Chr4	22148759	22150259	156	34
Chr2	28683349	28684849	2632	1378
Chr3	9849973	9851473	164	38
Chr3	9737065	9738565	179	58
Chr3	9641593	9643093	603	195
Chr3	9609117	9610617	58	19
Chr12	14424393	14425893	271	42
Chr7	16515	18015	35	14
Chr3	8678110	8679610	351	69
Chr1	29829122	29830622	915	285
Chr2	28683349	28684849	2632	1378
Chr2	30886094	30887594	463	78
Chr3	14525166	14526666	355	74
Chr3	4781070	4782570	144	79
Chr2	31647468	31648968	161	63
Chr1	12709308	12710808	137	28
Chr3	3959943	3961443	122	31
Chr2	28683349	28684849	2632	1378
Chr6	6703916	6705416	2007	474
Chr11	6287905	6289405	236	126
Chr3	3200312	3201812	209	44
Chr2	31170936	31172436	262	87
Chr1	29829122	29830622	915	285
Chr2	28683349	28684849	2632	1378
Chr8	23941237	23942737	189	42
Chr2	32987345	32988845	402	88
Chr3	9849973	9851473	164	38
Chr11	7643120	7644620	124	42
Chr3	9849973	9851473	164	38
Chr3	3200312	3201812	209	44
Chr2	31170936	31172436	262	87
Chr2	31793391	31794891	291	71
Chr11	26262726	26264226	137	39
Chr11	14736466	14737966	208	43
Chr5	29061780	29063280	17	7
Chr5	29061780	29063280	17	7
Chr11	22659715	22661215	296	70
Chr11	7643120	7644620	124	42
Chr7	22486421	22487921	5274	1156
Chr1	23606348	23607848	474	212
Chr1	30029998	30031498	178	64
Chr9	10844678	10846178	1604	355
Chr3	9641593	9643093	603	195
Chr4	24859161	24860661	168	40
Chr2	35009038	35010538	281	84
Chr11	6287905	6289405	236	126
Chr8	8676955	8678455	390	134
Chr2	28683349	28684849	2632	1378
Chr2	31170936	31172436	262	87
Chr11	14736466	14737966	208	43
Chr3	17084388	17085888	552	154
Chr2	31793391	31794891	291	71
Chr2	28683349	28684849	2632	1378
Chr3	9641593	9643093	603	195
Chr11	7643120	7644620	124	42
Chr11	14736466	14737966	208	43
Chr6	25749444	25750944	176	56
Chr2	31793391	31794891	291	71
Chr11	6287905	6289405	236	126
Chr9	17188976	17190476	199	59
Chr3	30104096	30105596	227	63
Chr5	25640595	25642095	201	44
Chr2	32987345	32988845	402	88
Chr5	29061780	29063280	17	7
Chr5	25640595	25642095	201	44
Chr11	6287905	6289405	236	126
Chr8	21172180	21173680	2428	942
Chr8	23941237	23942737	189	42
Chr8	10812833	10814333	321	84
Chr6	1645826	1647326	197	50
Chr8	23941237	23942737	189	42
Chr2	21130870	21132370	442	82
Chr4	22148759	22150259	156	34
Chr2	21424656	21426156	219	50
Chr11	14736466	14737966	208	43
Chr5	29061780	29063280	17	7
Chr2	28683349	28684849	2632	1378
Chr4	24888983	24890483	988	416
Chr2	23988750	23990250	378	181
Chr2	24568294	24569794	297	76
Chr6	6703916	6705416	2007	474
Chr6	4320607	4322107	193	56
Chr2	28683349	28684849	2632	1378
Chr3	32007400	32008900	574	124
Chr11	14736466	14737966	208	43
Chr6	8752128	8753628	1471	322
Chr3	9609117	9610617	58	19
Chr2	28683349	28684849	2632	1378
Chr5	29061780	29063280	17	7
Chr2	35009038	35010538	281	84
Chr5	25640595	25642095	201	44
Chr11	6287905	6289405	236	126
Chr6	6703916	6705416	2007	474
Chr2	32987345	32988845	402	88
Chr2	28683349	28684849	2632	1378
Chr2	31793391	31794891	291	71
Chr2	31793391	31794891	291	71
Chr2	31793391	31794891	291	71
Chr3	1660942	1662442	283	67
Chr2	31647468	31648968	161	63
Chr3	4781070	4782570	144	79
Chr1	29829122	29830622	915	285
Chr5	25640595	25642095	201	44
Chr8	23941237	23942737	189	42
Chr10	10418011	10419511	236	56
Chr1	29829122	29830622	915	285
Chr8	23941237	23942737	189	42
Chr3	9641593	9643093	603	195
Chr4	24417974	24419474	307	66
Chr5	29061780	29063280	17	7
Chr8	23941237	23942737	189	42
Chr3	35860518	35862018	250	98
Chr2	31170936	31172436	262	87
Chr3	3200312	3201812	209	44
Chr3	9641593	9643093	603	195
Chr3	32007400	32008900	574	124
Chr3	32786820	32788320	405	107
Chr2	19972187	19973687	391	39
Chr2	31170936	31172436	262	87
Chr3	3200312	3201812	209	44
Chr2	19972187	19973687	391	39
Chr2	28683349	28684849	2632	1378
Chr11	14736466	14737966	208	43
Chr3	32007400	32008900	574	124
Chr1	24583654	24585154	202	33
Chr2	31793391	31794891	291	71
Chr2	31793391	31794891	291	71
Chr3	3200312	3201812	209	44
Chr2	31170936	31172436	262	87
Chr3	9849973	9851473	164	38
Chr2	31170936	31172436	262	87
Chr3	3200312	3201812	209	44
Chr6	6703916	6705416	2007	474
Chr11	6287905	6289405	236	126
Chr11	6287905	6289405	236	126
Chr2	31793391	31794891	291	71
Chr11	14736466	14737966	208	43
Chr4	22148759	22150259	156	34
Chr5	25640595	25642095	201	44
Chr11	7643120	7644620	124	42
Chr3	9849973	9851473	164	38
Chr2	1291921	1293421	73	17
Chr2	1291921	1293421	73	17
Chr3	9849973	9851473	164	38
Chr2	2036523	2038023	129	15
Chr5	22370205	22371705	365	61
