SL4.0ch01	101250	102750	34	45
SL4.0ch01	259218	260718	49	51
SL4.0ch01	1109866	1111366	73	164
SL4.0ch01	1264185	1265685	50	63
SL4.0ch01	1665116	1666616	6892	7315
SL4.0ch01	1862050	1863550	781	1068
SL4.0ch01	1961463	1962963	75	88
SL4.0ch01	2824075	2825575	106	86
SL4.0ch01	4098179	4099679	43	32
SL4.0ch01	29358976	29360476	70	58
SL4.0ch01	53078911	53080411	134	111
SL4.0ch01	62097531	62099031	81	73
SL4.0ch01	62097531	62099031	81	73
SL4.0ch01	65859084	65860584	28	24
SL4.0ch01	69280293	69281793	79	78
SL4.0ch01	69322631	69324131	502	819
SL4.0ch01	73752584	73754084	284	15
SL4.0ch01	73767273	73768773	163	143
SL4.0ch01	71295615	71297115	267	138
SL4.0ch01	71733759	71735259	55	76
SL4.0ch01	71981526	71983026	79	66
SL4.0ch01	72489919	72491419	95	108
SL4.0ch01	72822239	72823739	133	128
SL4.0ch01	72900027	72901527	73	105
SL4.0ch01	73272198	73273698	682	2678
SL4.0ch01	73331616	73333116	68	54
SL4.0ch01	74911271	74912771	113	131
SL4.0ch01	74927468	74928968	382	603
SL4.0ch01	74932487	74933987	382	300
SL4.0ch01	74935752	74937252	502	817
SL4.0ch01	74940636	74942136	834	940
SL4.0ch01	74946567	74948067	121	92
SL4.0ch01	74958393	74959893	191	378
SL4.0ch01	74963687	74965187	286	381
SL4.0ch01	75324228	75325728	91	88
SL4.0ch01	76147632	76149132	160	133
SL4.0ch01	77434320	77435820	96	84
SL4.0ch01	77444432	77445932	228	311
SL4.0ch01	77698354	77699854	105	67
SL4.0ch01	77711190	77712690	43	40
SL4.0ch01	78003781	78005281	188	274
SL4.0ch01	78579177	78580677	63	36
SL4.0ch01	78618374	78619874	80	132
SL4.0ch01	78787580	78789080	72	94
SL4.0ch01	78944547	78946047	2196	3913
SL4.0ch01	79090691	79092191	103	72
SL4.0ch01	79139299	79140799	1095	7418
SL4.0ch01	79544997	79546497	106	118
SL4.0ch01	79896190	79897690	28	34
SL4.0ch01	80570517	80572017	147	231
SL4.0ch01	80883936	80885436	107	163
SL4.0ch01	80883936	80885436	107	163
SL4.0ch01	80988104	80989604	126	142
SL4.0ch01	80998169	80999669	200	282
SL4.0ch01	81060707	81062207	159	336
SL4.0ch01	81352863	81354363	1700	2018
SL4.0ch01	81940811	81942311	921	897
SL4.0ch01	82094933	82096433	160	250
SL4.0ch01	82163250	82164750	118	243
SL4.0ch01	82169895	82171395	98	141
SL4.0ch01	82169895	82171395	98	141
SL4.0ch01	82578928	82580428	185	371
SL4.0ch01	82738015	82739515	64	53
SL4.0ch01	83005156	83006656	42	58
SL4.0ch01	83143049	83144549	113	150
SL4.0ch01	83589011	83590511	30	35
SL4.0ch01	83649066	83650566	87	131
SL4.0ch01	83772381	83773881	133	151
SL4.0ch01	83916214	83917714	89	61
SL4.0ch01	84265491	84266991	120	113
SL4.0ch01	84725127	84726627	185	226
SL4.0ch01	84946337	84947837	359	749
SL4.0ch01	85632660	85634160	4580	7665
SL4.0ch01	85638523	85640023	5000	10554
SL4.0ch01	85854591	85856091	114	148
SL4.0ch01	85862891	85864391	187	215
SL4.0ch01	86430091	86431591	46	41
SL4.0ch01	86430091	86431591	46	41
SL4.0ch01	86614717	86616217	148	166
SL4.0ch01	87376352	87377852	107	131
SL4.0ch01	87537807	87539307	61	41
SL4.0ch01	87542624	87544124	548	713
SL4.0ch01	87671711	87673211	315	303
SL4.0ch01	87943812	87945312	545	536
SL4.0ch01	88057682	88059182	115	103
SL4.0ch01	88985471	88986971	318	575
SL4.0ch02	7425319	7426819	86	79
SL4.0ch02	13781506	13783006	198	123
SL4.0ch02	14674580	14676080	63	60
SL4.0ch02	20613037	20614537	51	31
SL4.0ch02	20801768	20803268	44	76
SL4.0ch02	21106950	21108450	3445	4321
SL4.0ch02	24058620	24060120	248	54
SL4.0ch02	25651417	25652917	63	97
SL4.0ch02	34606539	34608039	130	75
SL4.0ch02	34747080	34748580	59	74
SL4.0ch02	35229071	35230571	56	46
SL4.0ch02	35960637	35962137	90	95
SL4.0ch02	36296238	36297738	99	95
SL4.0ch02	36296238	36297738	99	95
SL4.0ch02	36604455	36605955	68	36
SL4.0ch02	37392963	37394463	59	77
SL4.0ch02	37478959	37480459	78	81
SL4.0ch02	38516238	38517738	4512	5661
SL4.0ch02	38516238	38517738	4512	5661
SL4.0ch02	38516238	38517738	4512	5661
SL4.0ch02	38516238	38517738	4512	5661
SL4.0ch02	38518566	38520066	8274	10461
SL4.0ch02	38518566	38520066	8274	10461
SL4.0ch02	38518566	38520066	8274	10461
SL4.0ch02	38518566	38520066	8274	10461
SL4.0ch02	38525651	38527151	9285	20419
SL4.0ch02	38525651	38527151	9285	20419
SL4.0ch02	38525651	38527151	9285	20419
SL4.0ch02	38525651	38527151	9285	20419
SL4.0ch02	38528093	38529593	5931	11553
SL4.0ch02	38528093	38529593	5931	11553
SL4.0ch02	38528093	38529593	5931	11553
SL4.0ch02	38528093	38529593	5931	11553
SL4.0ch02	38530432	38531932	5498	9886
SL4.0ch02	38530432	38531932	5498	9886
SL4.0ch02	38530432	38531932	5498	9886
SL4.0ch02	38530432	38531932	5498	9886
SL4.0ch02	38532832	38534332	8860	11924
SL4.0ch02	38532832	38534332	8860	11924
SL4.0ch02	38532832	38534332	8860	11924
SL4.0ch02	38532832	38534332	8860	11924
SL4.0ch02	38535273	38536773	7177	10417
SL4.0ch02	38535273	38536773	7177	10417
SL4.0ch02	38535273	38536773	7177	10417
SL4.0ch02	38535273	38536773	7177	10417
SL4.0ch02	38539019	38540519	12061	16438
SL4.0ch02	38539019	38540519	12061	16438
SL4.0ch02	38539019	38540519	12061	16438
SL4.0ch02	38539019	38540519	12061	16438
SL4.0ch02	38706020	38707520	518	2627
SL4.0ch02	38800507	38802007	96	59
SL4.0ch02	39018406	39019906	86	161
SL4.0ch02	39161741	39163241	35	57
SL4.0ch02	39450000	39451500	1220	1107
SL4.0ch02	39581904	39583404	53	39
SL4.0ch02	39583169	39584669	40	56
SL4.0ch02	39615930	39617430	38	46
SL4.0ch02	39619093	39620593	35	37
SL4.0ch02	39623225	39624725	34	40
SL4.0ch02	39731273	39732773	216	342
SL4.0ch02	39743976	39745476	313	418
SL4.0ch02	39865962	39867462	94	73
SL4.0ch02	39865962	39867462	94	73
SL4.0ch02	40396257	40397757	950	687
SL4.0ch02	40924599	40926099	132	174
SL4.0ch02	40924599	40926099	132	174
SL4.0ch02	41082623	41084123	132	132
SL4.0ch02	41179944	41181444	96	183
SL4.0ch02	41376392	41377892	328	806
SL4.0ch02	41645361	41646861	115	126
SL4.0ch02	41853243	41854743	90	86
SL4.0ch02	41951113	41952613	96	100
SL4.0ch02	42051255	42052755	79	184
SL4.0ch02	42056369	42057869	97	117
SL4.0ch02	42098030	42099530	55	72
SL4.0ch02	42136463	42137963	129	69
SL4.0ch02	42339938	42341438	82	68
SL4.0ch02	42348053	42349553	164	187
SL4.0ch02	42370046	42371546	174	90
SL4.0ch02	42378175	42379675	58	38
SL4.0ch02	42582778	42584278	94	167
SL4.0ch02	43264264	43265764	49	50
SL4.0ch02	43452730	43454230	138	133
SL4.0ch02	43860417	43861917	57	62
SL4.0ch02	44167312	44168812	51	68
SL4.0ch02	45952457	45953957	83	71
SL4.0ch02	46948739	46950239	127	293
SL4.0ch02	47964968	47966468	105	60
SL4.0ch02	48014063	48015563	97	48
SL4.0ch02	48359890	48361390	139	170
SL4.0ch02	48498302	48499802	117	146
SL4.0ch02	48775852	48777352	58	69
SL4.0ch02	49050389	49051889	62	36
SL4.0ch02	49379759	49381259	107	205
SL4.0ch02	50721228	50722728	122	168
SL4.0ch02	51534398	51535898	106	152
SL4.0ch02	51552584	51554084	781	1826
SL4.0ch02	51730963	51732463	116	243
SL4.0ch02	51736864	51738364	79	40
SL4.0ch02	51934453	51935953	390	577
SL4.0ch02	52308016	52309516	182	580
SL4.0ch02	52851876	52853376	53	45
SL4.0ch03	204209	205709	173	172
SL4.0ch03	542972	544472	2732	3772
SL4.0ch03	542972	544472	2732	3772
SL4.0ch03	542972	544472	2732	3772
SL4.0ch03	542972	544472	2732	3772
SL4.0ch03	544348	545848	4250	6617
SL4.0ch03	544348	545848	4250	6617
SL4.0ch03	544348	545848	4250	6617
SL4.0ch03	544348	545848	4250	6617
SL4.0ch03	546508	548008	7231	15841
SL4.0ch03	546508	548008	7231	15841
SL4.0ch03	546508	548008	7231	15841
SL4.0ch03	546508	548008	7231	15841
SL4.0ch03	793447	794947	58	53
SL4.0ch03	1313362	1314862	35	40
SL4.0ch03	1317531	1319031	45	48
SL4.0ch03	1344257	1345757	93	103
SL4.0ch03	1565056	1566556	107	74
SL4.0ch03	1581805	1583305	76	63
SL4.0ch03	1806043	1807543	49	37
SL4.0ch03	1859130	1860630	197	265
SL4.0ch03	1920224	1921724	194	566
SL4.0ch03	2410664	2412164	55	42
SL4.0ch03	2512898	2514398	8	0
SL4.0ch03	2534379	2535879	2	0
SL4.0ch03	6529534	6531034	34	53
SL4.0ch03	6529534	6531034	34	53
SL4.0ch03	11505754	11507254	99	193
SL4.0ch03	18854948	18856448	74	88
SL4.0ch03	31543834	31545334	98	67
SL4.0ch03	33300273	33301773	95	175
SL4.0ch03	44714917	44716417	21	35
SL4.0ch03	45568729	45570229	26	24
SL4.0ch03	45981184	45982684	89	83
SL4.0ch03	45984266	45985766	96	168
SL4.0ch03	46283234	46284734	54	44
SL4.0ch03	46754721	46756221	1079	2343
SL4.0ch03	47679464	47680964	262	541
SL4.0ch03	49269172	49270672	68	61
SL4.0ch03	49410093	49411593	105	116
SL4.0ch03	49712247	49713747	64	112
SL4.0ch03	54590256	54591756	92	83
SL4.0ch03	54742807	54744307	91	53
SL4.0ch03	54891823	54893323	74	68
SL4.0ch03	55236649	55238149	52	63
SL4.0ch03	56558153	56559653	78	57
SL4.0ch03	57180562	57182062	76	101
SL4.0ch03	57180562	57182062	76	101
SL4.0ch03	57869116	57870616	2345	4353
SL4.0ch03	58209567	58211067	404	699
SL4.0ch03	58458631	58460131	89	73
SL4.0ch03	58742945	58744445	230	262
SL4.0ch03	58996009	58997509	247	210
SL4.0ch03	59660021	59661521	59	56
SL4.0ch03	59722448	59723948	107	97
SL4.0ch03	59761962	59763462	168	186
SL4.0ch03	59806281	59807781	1955	2661
SL4.0ch03	59816403	59817903	78	62
SL4.0ch03	59956553	59958053	2428	4380
SL4.0ch03	59966494	59967994	49	66
SL4.0ch03	60505091	60506591	150	142
SL4.0ch03	60555692	60557192	93	102
SL4.0ch03	61478207	61479707	329	326
SL4.0ch03	61641491	61642991	118	178
SL4.0ch03	62257895	62259395	143	81
SL4.0ch03	62429831	62431331	154	92
SL4.0ch03	62506798	62508298	487	761
SL4.0ch03	62566974	62568474	7173	10530
SL4.0ch03	62566974	62568474	7173	10530
SL4.0ch03	62566974	62568474	7173	10530
SL4.0ch03	62763973	62765473	1314	3074
SL4.0ch03	62922810	62924310	236	354
SL4.0ch03	63043196	63044696	61	180
SL4.0ch03	64365012	64366512	230	158
SL4.0ch03	64773854	64775354	143	176
SL4.0ch04	337240	338740	54	60
SL4.0ch04	608150	609650	73	33
SL4.0ch04	942388	943888	5955	10605
SL4.0ch04	942388	943888	5955	10605
SL4.0ch04	942388	943888	5955	10605
SL4.0ch04	1427461	1428961	410	707
SL4.0ch04	1789093	1790593	48	66
SL4.0ch04	2043469	2044969	93	65
SL4.0ch04	2059149	2060649	49	54
SL4.0ch04	2616001	2617501	107	67
SL4.0ch04	2734939	2736439	101	80
SL4.0ch04	2974012	2975512	72	62
SL4.0ch04	3010627	3012127	81	77
SL4.0ch04	4564172	4565672	270	342
SL4.0ch04	4975312	4976812	42	114
SL4.0ch04	5328363	5329863	101	101
SL4.0ch04	5757532	5759032	373	392
SL4.0ch04	7095676	7097176	76	74
SL4.0ch04	19590114	19591614	148	246
SL4.0ch04	11699397	11700897	115	125
SL4.0ch04	37811422	37812922	198	271
SL4.0ch04	41745592	41747092	66	81
SL4.0ch04	49838188	49839688	74	45
SL4.0ch04	50402214	50403714	163	216
SL4.0ch04	51117277	51118777	61	160
SL4.0ch04	51192639	51194139	1169	992
SL4.0ch04	51570476	51571976	80	57
SL4.0ch04	54540175	54541675	655	1190
SL4.0ch04	54743210	54744710	93	84
SL4.0ch04	54813530	54815030	69	84
SL4.0ch04	55844533	55846033	567	438
SL4.0ch04	56754079	56755579	42	36
SL4.0ch04	56949870	56951370	166	218
SL4.0ch04	57122435	57123935	113	53
SL4.0ch04	57491296	57492796	213	131
SL4.0ch04	57808402	57809902	108	69
SL4.0ch04	57808402	57809902	108	69
SL4.0ch04	58293509	58295009	47	59
SL4.0ch04	58302611	58304111	34	41
SL4.0ch04	58306804	58308304	157	303
SL4.0ch04	58313882	58315382	41	50
SL4.0ch04	58334517	58336017	30	16
SL4.0ch04	58457542	58459042	113	98
SL4.0ch04	58505275	58506775	300	420
SL4.0ch04	59237768	59239268	62	64
SL4.0ch04	59342637	59344137	151	191
SL4.0ch04	59342637	59344137	151	191
SL4.0ch04	59668782	59670282	381	629
SL4.0ch04	60094223	60095723	95	116
SL4.0ch04	60239614	60241114	121	77
SL4.0ch04	60253356	60254856	62	23
SL4.0ch04	60269363	60270863	184	313
SL4.0ch04	60274661	60276161	286	121
SL4.0ch04	60284593	60286093	73	64
SL4.0ch04	60284593	60286093	73	64
SL4.0ch04	60289464	60290964	574	542
SL4.0ch04	60741400	60742900	147	84
SL4.0ch04	60930560	60932060	191	177
SL4.0ch04	61145237	61146737	269	173
SL4.0ch04	61378164	61379664	70	56
SL4.0ch04	61381529	61383029	64	65
SL4.0ch04	61384926	61386426	52	20
SL4.0ch04	61388756	61390256	152	104
SL4.0ch04	62688438	62689938	56	90
SL4.0ch04	62799539	62801039	201	109
SL4.0ch04	63073893	63075393	73	54
SL4.0ch04	63147055	63148555	73	66
SL4.0ch04	63797936	63799436	6899	10189
SL4.0ch04	63950306	63951806	356	452
SL4.0ch04	64348443	64349943	59	49
SL4.0ch04	64353008	64354508	55	55
SL4.0ch05	615213	616713	242	153
SL4.0ch05	1106478	1107978	148	887
SL4.0ch05	1117079	1118579	62	69
SL4.0ch05	1467329	1468829	74	75
SL4.0ch05	2335739	2337239	126	163
SL4.0ch05	2778528	2780028	238	593
SL4.0ch05	2925884	2927384	80	88
SL4.0ch05	3177250	3178750	138	184
SL4.0ch05	3441275	3442775	57	37
SL4.0ch05	3489063	3490563	7160	13155
SL4.0ch05	3489063	3490563	7160	13155
SL4.0ch05	3489063	3490563	7160	13155
SL4.0ch05	4682767	4684267	48	63
SL4.0ch05	5542343	5543843	59	69
SL4.0ch05	6350669	6352169	124	300
SL4.0ch05	8974723	8976223	154	129
SL4.0ch05	9060336	9061836	39	8
SL4.0ch05	19343345	19344845	1814	3634
SL4.0ch05	22329213	22330713	65	68
SL4.0ch05	22329213	22330713	65	68
SL4.0ch05	22408387	22409887	160	352
SL4.0ch05	22408387	22409887	160	352
SL4.0ch05	30156702	30158202	59	40
SL4.0ch05	57578592	57580092	42	32
SL4.0ch05	59197002	59198502	117	166
SL4.0ch05	60094726	60096226	112	85
SL4.0ch05	60626532	60628032	66	36
SL4.0ch05	61753061	61754561	80	81
SL4.0ch05	61929308	61930808	38	48
SL4.0ch05	62567372	62568872	83	82
SL4.0ch05	62567372	62568872	83	82
SL4.0ch05	63240424	63241924	161	165
SL4.0ch05	64026306	64027806	102	124
SL4.0ch05	64311156	64312656	109	61
SL4.0ch05	64352369	64353869	126	109
SL4.0ch05	64632291	64633791	68	75
SL4.0ch05	65204984	65206484	67	87
SL4.0ch06	210526	212026	76	65
SL4.0ch06	951334	952834	118	185
SL4.0ch06	1462784	1464284	72	59
SL4.0ch06	1675543	1677043	35	55
SL4.0ch06	2658858	2660358	70	57
SL4.0ch06	2956407	2957907	54	26
SL4.0ch06	29047477	29048977	24	57
SL4.0ch06	29301722	29303222	669	2514
SL4.0ch06	30563012	30564512	19	20
SL4.0ch06	30571959	30573459	25	16
SL4.0ch06	30580470	30581970	37	28
SL4.0ch06	30602105	30603605	55	59
SL4.0ch06	33663010	33664510	2141	4396
SL4.0ch06	34432439	34433939	178	251
SL4.0ch06	34658475	34659975	82	56
SL4.0ch06	34874757	34876257	8698	10751
SL4.0ch06	35098351	35099851	263	822
SL4.0ch06	35642516	35644016	82	54
SL4.0ch06	35673732	35675232	253	396
SL4.0ch06	36781429	36782929	217	290
SL4.0ch06	37383519	37385019	258	279
SL4.0ch06	37451995	37453495	54	42
SL4.0ch06	37698131	37699631	6746	10479
SL4.0ch06	37698131	37699631	6746	10479
SL4.0ch06	37698131	37699631	6746	10479
SL4.0ch06	37698131	37699631	6746	10479
SL4.0ch06	37899714	37901214	119	108
SL4.0ch06	39062254	39063754	79	63
SL4.0ch06	40054057	40055557	192	207
SL4.0ch06	40892520	40894020	177	318
SL4.0ch06	41062810	41064310	5641	18818
SL4.0ch06	42603409	42604909	68	69
SL4.0ch06	42605501	42607001	50	58
SL4.0ch06	42820472	42821972	8170	12361
SL4.0ch06	43088553	43090053	63	54
SL4.0ch06	43088553	43090053	63	54
SL4.0ch06	43271638	43273138	66	53
SL4.0ch06	43281632	43283132	64	49
SL4.0ch06	43563522	43565022	95	192
SL4.0ch06	43747537	43749037	59	45
SL4.0ch06	44141803	44143303	119	127
SL4.0ch06	44141803	44143303	119	127
SL4.0ch06	44678949	44680449	99	71
SL4.0ch06	45828074	45829574	146	79
SL4.0ch06	46091542	46093042	106	51
SL4.0ch06	46297583	46299083	209	194
SL4.0ch06	46297583	46299083	209	194
SL4.0ch06	46315465	46316965	272	493
SL4.0ch06	46549720	46551220	99	166
SL4.0ch06	46645737	46647237	61	35
SL4.0ch06	46837718	46839218	60	64
SL4.0ch07	85998	87498	48	55
SL4.0ch07	325969	327469	725	1296
SL4.0ch07	583682	585182	119	102
SL4.0ch07	659301	660801	63	57
SL4.0ch07	1175592	1177092	134	158
SL4.0ch07	1278135	1279635	172	152
SL4.0ch07	1442031	1443531	120	34
SL4.0ch07	1531157	1532657	54	40
SL4.0ch07	1763947	1765447	56	55
SL4.0ch07	2936564	2938064	58	93
SL4.0ch07	3072290	3073790	79	50
SL4.0ch07	3364090	3365590	59	38
SL4.0ch07	3803346	3804846	58	63
SL4.0ch07	3833167	3834667	31	30
SL4.0ch07	4226603	4228103	67	17
SL4.0ch07	4450208	4451708	53	36
SL4.0ch07	4483126	4484626	90	87
SL4.0ch07	11281785	11283285	38	70
SL4.0ch07	19382257	19383757	51	133
SL4.0ch07	21750700	21752200	43	22
SL4.0ch07	31919452	31920952	46	42
SL4.0ch07	56060040	56061540	76	41
SL4.0ch07	56252441	56253941	138	82
SL4.0ch07	57805153	57806653	4394	4872
SL4.0ch07	58074295	58075795	221	460
SL4.0ch07	58086515	58088015	61	56
SL4.0ch07	58911311	58912811	138	116
SL4.0ch07	58969349	58970849	7237	14442
SL4.0ch07	58969349	58970849	7237	14442
SL4.0ch07	58969349	58970849	7237	14442
SL4.0ch07	58969349	58970849	7237	14442
SL4.0ch07	59555539	59557039	83	135
SL4.0ch07	61028827	61030327	52	52
SL4.0ch07	61089735	61091235	42	113
SL4.0ch07	61594508	61596008	192	205
SL4.0ch07	61958807	61960307	240	237
SL4.0ch07	62245882	62247382	131	193
SL4.0ch07	62532634	62534134	147	138
SL4.0ch07	62561175	62562675	876	1910
SL4.0ch07	63297291	63298791	121	255
SL4.0ch07	63306758	63308258	157	212
SL4.0ch07	63910536	63912036	179	204
SL4.0ch07	64141693	64143193	208	251
SL4.0ch07	64181395	64182895	154	141
SL4.0ch07	64800443	64801943	134	368
SL4.0ch07	64882441	64883941	522	533
SL4.0ch07	64882441	64883941	522	533
SL4.0ch07	65157840	65159340	56	74
SL4.0ch07	65870492	65871992	3614	3131
SL4.0ch07	65870492	65871992	3614	3131
SL4.0ch07	65870492	65871992	3614	3131
SL4.0ch07	65870492	65871992	3614	3131
SL4.0ch07	65925807	65927307	49	35
SL4.0ch07	65930860	65932360	59	44
SL4.0ch07	65934371	65935871	60	69
SL4.0ch07	65938176	65939676	72	121
SL4.0ch07	65950016	65951516	384	403
SL4.0ch07	65958457	65959957	154	152
SL4.0ch07	65958457	65959957	154	152
SL4.0ch07	65966400	65967900	119	143
SL4.0ch07	65975184	65976684	40	46
SL4.0ch07	65984637	65986137	162	173
SL4.0ch07	66146644	66148144	82	79
SL4.0ch07	66164835	66166335	1402	1514
SL4.0ch07	66705140	66706640	257	535
SL4.0ch07	67057874	67059374	2337	3082
SL4.0ch07	67153557	67155057	47	52
SL4.0ch07	67153557	67155057	47	52
SL4.0ch07	67233792	67235292	263	232
SL4.0ch07	67241313	67242813	86	94
SL4.0ch07	67269004	67270504	92	78
SL4.0ch07	67470166	67471666	74	61
SL4.0ch07	67490829	67492329	7498	17008
SL4.0ch08	303082	304582	79	64
SL4.0ch08	1004080	1005580	170	240
SL4.0ch08	1006826	1008326	194	458
SL4.0ch08	1009296	1010796	28	24
SL4.0ch08	2142544	2144044	87	68
SL4.0ch08	2152471	2153971	37	31
SL4.0ch08	2155463	2156963	39	15
SL4.0ch08	2158851	2160351	48	46
SL4.0ch08	2172612	2174112	44	38
SL4.0ch08	2173553	2175053	54	68
SL4.0ch08	2175894	2177394	58	45
SL4.0ch08	2182685	2184185	115	118
SL4.0ch08	2189525	2191025	57	82
SL4.0ch08	2196364	2197864	37	33
SL4.0ch08	3069489	3070989	3522	4060
SL4.0ch08	3581349	3582849	34	49
SL4.0ch08	3652263	3653763	50	34
SL4.0ch08	4402672	4404172	44	36
SL4.0ch08	4715427	4716927	64	110
SL4.0ch08	26503963	26505463	88	59
SL4.0ch08	48871569	48873069	109	326
SL4.0ch08	49590619	49592119	37	30
SL4.0ch08	50694490	50695990	80	59
SL4.0ch08	52866167	52867667	58	60
SL4.0ch08	52964749	52966249	48	36
SL4.0ch08	52964749	52966249	48	36
SL4.0ch08	54483908	54485408	75	141
SL4.0ch08	54487406	54488906	8670	9536
SL4.0ch08	54487406	54488906	8670	9536
SL4.0ch08	54487406	54488906	8670	9536
SL4.0ch08	54586915	54588415	42	39
SL4.0ch08	54586915	54588415	42	39
SL4.0ch08	54890771	54892271	207	350
SL4.0ch08	54915975	54917475	50	67
SL4.0ch08	55153709	55155209	52	78
SL4.0ch08	55504628	55506128	49	47
SL4.0ch08	56791881	56793381	132	190
SL4.0ch08	58088523	58090023	205	472
SL4.0ch08	58088523	58090023	205	472
SL4.0ch08	58223647	58225147	236	256
SL4.0ch08	58350855	58352355	1367	4796
SL4.0ch08	58696633	58698133	100	74
SL4.0ch08	58724568	58726068	67	33
SL4.0ch08	59624976	59626476	397	420
SL4.0ch08	59798158	59799658	191	155
SL4.0ch08	60399420	60400920	66	79
SL4.0ch08	61263570	61265070	356	337
SL4.0ch08	61392242	61393742	251	274
SL4.0ch08	61397507	61399007	79	130
SL4.0ch08	61400371	61401871	89	374
SL4.0ch08	61406543	61408043	200	719
SL4.0ch08	61420854	61422354	42	39
SL4.0ch08	61425962	61427462	32	43
SL4.0ch08	61433809	61435309	53	131
SL4.0ch08	61437537	61439037	40	50
SL4.0ch08	61444638	61446138	30	32
SL4.0ch08	61449703	61451203	36	30
SL4.0ch08	61457563	61459063	38	24
SL4.0ch08	61466975	61468475	54	42
SL4.0ch08	61471485	61472985	63	45
SL4.0ch08	61481809	61483309	46	57
SL4.0ch08	61860513	61862013	53	33
SL4.0ch08	61860513	61862013	53	33
SL4.0ch08	62205483	62206983	264	361
SL4.0ch08	62462377	62463877	57	46
SL4.0ch08	62462377	62463877	57	46
SL4.0ch08	63972320	63973820	3082	4603
SL4.0ch09	7621	9121	192	118
SL4.0ch09	7621	9121	192	118
SL4.0ch09	273410	274910	59	89
SL4.0ch09	473299	474799	40	62
SL4.0ch09	600146	601646	105	152
SL4.0ch09	1107570	1109070	89	81
SL4.0ch09	1107570	1109070	89	81
SL4.0ch09	1526437	1527937	119	169
SL4.0ch09	1534459	1535959	85	50
SL4.0ch09	1862840	1864340	65	23
SL4.0ch09	2030272	2031772	28	42
SL4.0ch09	2466245	2467745	93	73
SL4.0ch09	2466245	2467745	93	73
SL4.0ch09	2856571	2858071	62	89
SL4.0ch09	3265282	3266782	38	22
SL4.0ch09	3500415	3501915	70	51
SL4.0ch09	3811390	3812890	230	406
SL4.0ch09	3847536	3849036	77	98
SL4.0ch09	4350720	4352220	174	120
SL4.0ch09	4350720	4352220	174	120
SL4.0ch09	4429060	4430560	237	143
SL4.0ch09	4429060	4430560	237	143
SL4.0ch09	4437605	4439105	96	135
SL4.0ch09	4437605	4439105	96	135
SL4.0ch09	5307685	5309185	79	97
SL4.0ch09	5307685	5309185	79	97
SL4.0ch09	5314404	5315904	706	1619
SL4.0ch09	5314404	5315904	706	1619
SL4.0ch09	5790956	5792456	106	58
SL4.0ch09	6157679	6159179	5051	6754
SL4.0ch09	8641897	8643397	1178	2023
SL4.0ch09	10701802	10703302	67	61
SL4.0ch09	14086638	14088138	116	134
SL4.0ch09	42354988	42356488	64	90
SL4.0ch09	49135104	49136604	101	128
SL4.0ch09	53021362	53022862	536	645
SL4.0ch09	57874558	57876058	52	50
SL4.0ch09	58417617	58419117	136	160
SL4.0ch09	59689863	59691363	211	199
SL4.0ch09	60062791	60064291	136	94
SL4.0ch09	61443259	61444759	37	27
SL4.0ch09	62300523	62302023	99	64
SL4.0ch09	63171055	63172555	134	111
SL4.0ch09	63428549	63430049	187	164
SL4.0ch09	64272317	64273817	77	59
SL4.0ch09	64519618	64521118	60	97
SL4.0ch09	64651308	64652808	90	119
SL4.0ch09	64889077	64890577	58	84
SL4.0ch09	65116819	65118319	141	133
SL4.0ch09	65866395	65867895	51	32
SL4.0ch09	65940994	65942494	123	177
SL4.0ch09	66051104	66052604	46	38
SL4.0ch09	66476360	66477860	272	262
SL4.0ch09	66935311	66936811	100	70
SL4.0ch09	67279812	67281312	120	248
SL4.0ch09	67392150	67393650	74	59
SL4.0ch09	67636630	67638130	106	90
SL4.0ch09	67664938	67666438	129	152
SL4.0ch09	67673079	67674579	294	865
SL4.0ch10	213084	214584	72	105
SL4.0ch10	392218	393718	93	73
SL4.0ch10	743439	744939	47	43
SL4.0ch10	805349	806849	5381	7001
SL4.0ch10	857647	859147	46	95
SL4.0ch10	976426	977926	41	47
SL4.0ch10	1609180	1610680	72	44
SL4.0ch10	1982126	1983626	96	50
SL4.0ch10	2294210	2295710	98	95
SL4.0ch10	2478825	2480325	48	73
SL4.0ch10	2812324	2813824	107	120
SL4.0ch10	5252617	5254117	90	153
SL4.0ch10	13065944	13067444	34	36
SL4.0ch10	19904990	19906490	325	2158
SL4.0ch10	38907244	38908744	82	124
SL4.0ch10	41742040	41743540	47	30
SL4.0ch10	41742040	41743540	47	30
SL4.0ch10	53587053	53588553	53	47
SL4.0ch10	56146831	56148331	51	44
SL4.0ch10	56317726	56319226	250	390
SL4.0ch10	56317726	56319226	250	390
SL4.0ch10	57391536	57393036	43	51
SL4.0ch10	57391536	57393036	43	51
SL4.0ch10	57726257	57727757	304	140
SL4.0ch10	59271067	59272567	69	74
SL4.0ch10	59967306	59968806	64	38
SL4.0ch10	60135796	60137296	174	223
SL4.0ch10	60215962	60217462	316	791
SL4.0ch10	60315094	60316594	426	2119
SL4.0ch10	60683770	60685270	69	145
SL4.0ch10	60872082	60873582	78	73
SL4.0ch10	61831403	61832903	81	117
SL4.0ch10	61926907	61928407	68	43
SL4.0ch10	61950555	61952055	975	1985
SL4.0ch10	62404948	62406448	301	259
SL4.0ch10	62449995	62451495	62	43
SL4.0ch10	62559395	62560895	77	91
SL4.0ch10	62559395	62560895	77	91
SL4.0ch10	62753200	62754700	383	344
SL4.0ch10	62872693	62874193	132	184
SL4.0ch10	62872693	62874193	132	184
SL4.0ch10	62903619	62905119	82	97
SL4.0ch10	62908914	62910414	80	31
SL4.0ch10	62924686	62926186	69	114
SL4.0ch10	63026180	63027680	243	438
SL4.0ch10	63026180	63027680	243	438
SL4.0ch10	63070699	63072199	97	229
SL4.0ch10	63172863	63174363	41	36
SL4.0ch10	63185806	63187306	43	45
SL4.0ch10	63188643	63190143	40	42
SL4.0ch10	63402686	63404186	67	255
SL4.0ch10	63402686	63404186	67	255
SL4.0ch10	63566199	63567699	172	309
SL4.0ch10	63653816	63655316	44	58
SL4.0ch10	63657941	63659441	14	6
SL4.0ch10	63665435	63666935	74	58
SL4.0ch10	63775574	63777074	153	194
SL4.0ch10	63809533	63811033	34	42
SL4.0ch10	63812955	63814455	44	24
SL4.0ch10	63818007	63819507	47	53
SL4.0ch10	63835947	63837447	68	58
SL4.0ch10	63835947	63837447	68	58
SL4.0ch10	64058732	64060232	105	99
SL4.0ch10	64064383	64065883	163	326
SL4.0ch10	64276716	64278216	320	685
SL4.0ch10	64481870	64483370	76	90
SL4.0ch10	64481870	64483370	76	90
SL4.0ch10	64495289	64496789	71	82
SL4.0ch10	64495289	64496789	71	82
SL4.0ch11	802386	803886	100	69
SL4.0ch11	811676	813176	67	56
SL4.0ch11	815797	817297	86	56
SL4.0ch11	883760	885260	109	288
SL4.0ch11	928382	929882	61	22
SL4.0ch11	1190938	1192438	78	75
SL4.0ch11	1332165	1333665	101	87
SL4.0ch11	1338819	1340319	100	52
SL4.0ch11	1685806	1687306	113	117
SL4.0ch11	3122001	3123501	72	59
SL4.0ch11	3280566	3282066	123	203
SL4.0ch11	3320404	3321904	111	70
SL4.0ch11	3522974	3524474	48	65
SL4.0ch11	4509162	4510662	51	53
SL4.0ch11	4863972	4865472	90	53
SL4.0ch11	5005648	5007148	76	83
SL4.0ch11	5046048	5047548	49	30
SL4.0ch11	5266065	5267565	102	108
SL4.0ch11	5973321	5974821	72	84
SL4.0ch11	8857869	8859369	85	62
SL4.0ch11	18149182	18150682	288	791
SL4.0ch11	22208502	22210002	66	102
SL4.0ch11	38712714	38714214	52	34
SL4.0ch11	38525222	38526722	127	125
SL4.0ch11	31191264	31192764	91	45
SL4.0ch11	28084398	28085898	97	82
SL4.0ch11	46208052	46209552	98	81
SL4.0ch11	47104826	47106326	61	51
SL4.0ch11	47115009	47116509	51	36
SL4.0ch11	47397195	47398695	120	190
SL4.0ch11	47943889	47945389	287	347
SL4.0ch11	48661788	48663288	63	44
SL4.0ch11	50748325	50749825	235	201
SL4.0ch11	50845708	50847208	40	55
SL4.0ch11	50993063	50994563	49	49
SL4.0ch11	51543467	51544967	99	68
SL4.0ch11	52388687	52390187	55	52
SL4.0ch11	52388687	52390187	55	52
SL4.0ch11	52606480	52607980	79	84
SL4.0ch11	52719689	52721189	37	15
SL4.0ch11	52719689	52721189	37	15
SL4.0ch11	52941905	52943405	89	81
SL4.0ch11	53251384	53252884	58	20
SL4.0ch11	53925544	53927044	102	142
SL4.0ch11	54117454	54118954	1076	1021
SL4.0ch11	54176140	54177640	42	34
SL4.0ch11	54334104	54335604	174	211
SL4.0ch11	54336450	54337950	127	94
SL4.0ch11	54342810	54344310	91	67
SL4.0ch12	180906	182406	196	105
SL4.0ch12	193277	194777	88	83
SL4.0ch12	262793	264293	51	49
SL4.0ch12	627293	628793	57	41
SL4.0ch12	691671	693171	494	461
SL4.0ch12	703139	704639	4503	11912
SL4.0ch12	703139	704639	4503	11912
SL4.0ch12	703139	704639	4503	11912
SL4.0ch12	703139	704639	4503	11912
SL4.0ch12	1080532	1082032	296	457
SL4.0ch12	1161035	1162535	58	53
SL4.0ch12	1256967	1258467	83	104
SL4.0ch12	1370937	1372437	65	73
SL4.0ch12	2333383	2334883	645	893
SL4.0ch12	2539920	2541420	465	895
SL4.0ch12	3305603	3307103	2476	3292
SL4.0ch12	3685592	3687092	127	153
SL4.0ch12	3868984	3870484	53	28
SL4.0ch12	3874193	3875693	82	87
SL4.0ch12	4010852	4012352	13	22
SL4.0ch12	4023276	4024776	66	85
SL4.0ch12	4304918	4306418	3763	3478
SL4.0ch12	4304918	4306418	3763	3478
SL4.0ch12	4304918	4306418	3763	3478
SL4.0ch12	4304918	4306418	3763	3478
SL4.0ch12	4845490	4846990	40	32
SL4.0ch12	4845490	4846990	40	32
SL4.0ch12	5453385	5454885	66	162
SL4.0ch12	5831287	5832787	60	44
SL4.0ch12	6680570	6682070	47	60
SL4.0ch12	9163978	9165478	315	300
SL4.0ch12	10473921	10475421	66	52
SL4.0ch12	10667576	10669076	50	117
SL4.0ch12	25840325	25841825	50	34
SL4.0ch12	28244931	28246431	119	113
SL4.0ch12	45105311	45106811	85	104
SL4.0ch12	54462069	54463569	110	75
SL4.0ch12	54849495	54850995	987	2556
SL4.0ch12	57305747	57307247	37	47
SL4.0ch12	57583654	57585154	87	86
SL4.0ch12	58970769	58972269	67	81
SL4.0ch12	61791123	61792623	64	81
SL4.0ch12	61799594	61801094	87	68
SL4.0ch12	62081529	62083029	147	90
SL4.0ch12	62681932	62683432	105	117
SL4.0ch12	62747191	62748691	159	113
SL4.0ch12	62749398	62750898	88	36
SL4.0ch12	62757048	62758548	350	194
SL4.0ch12	33937903	33939403	27	20
SL4.0ch12	35097349	35098849	117	103
SL4.0ch12	63002476	63003976	37	80
SL4.0ch12	63576677	63578177	155	157
SL4.0ch12	64116176	64117676	53	101
SL4.0ch12	64116176	64117676	53	101
SL4.0ch12	64499461	64500961	70	40
SL4.0ch12	64499461	64500961	70	40
SL4.0ch12	64627129	64628629	134	101
SL4.0ch12	64912638	64914138	131	122
SL4.0ch12	64912638	64914138	131	122
SL4.0ch12	64916755	64918255	595	1034
SL4.0ch12	64925663	64927163	60	55
SL4.0ch12	65021196	65022696	380	573
SL4.0ch12	65026959	65028459	67	67
SL4.0ch12	65054509	65056009	285	444
SL4.0ch12	65099746	65101246	48	162
SL4.0ch12	65102098	65103598	115	319
SL4.0ch12	65137115	65138615	119	98
SL4.0ch12	65575049	65576549	120	62
SL4.0ch12	65576004	65577504	75	64
SL4.0ch12	65578997	65580497	444	1074
SL4.0ch12	65800247	65801747	140	202
SL4.0ch12	65815365	65816865	231	435
SL4.0ch12	65983166	65984666	134	192
SL4.0ch12	65983166	65984666	134	192
SL4.0ch12	66358508	66360008	82	48
