Chr1	21841	23341	64	10
Chr1	57658	59158	43	24
Chr1	57658	59158	43	24
Chr1	140936	142436	149	24
Chr1	140936	142436	149	24
Chr1	177310	178810	30	14
Chr1	177310	178810	30	14
Chr1	240641	242141	13	13
Chr1	240641	242141	13	13
Chr1	240641	242141	13	13
Chr1	396151	397651	50	16
Chr1	548108	549608	43	4
Chr1	587280	588780	81	30
Chr1	1842814	1844314	128	21
Chr1	1842814	1844314	128	21
Chr1	2153326	2154826	28	8
Chr1	2153326	2154826	28	8
Chr1	2201264	2202764	32	28
Chr1	2201264	2202764	32	28
Chr1	2284553	2286053	33	12
Chr1	2291111	2292611	42	10
Chr1	2291111	2292611	42	10
Chr1	3355383	3356883	121	13
Chr1	3355383	3356883	121	13
Chr1	3477424	3478924	21	14
Chr1	3484079	3485579	35	17
Chr1	3581359	3582859	20	6
Chr1	3736893	3738393	40	14
Chr1	3736893	3738393	40	14
Chr1	3916918	3918418	46	6
Chr1	3920356	3921856	54	30
Chr1	3923363	3924863	22	5
Chr1	3928947	3930447	45	11
Chr1	4252838	4254338	80	15
Chr1	4252838	4254338	80	15
Chr1	4252838	4254338	80	15
Chr1	4950626	4952126	83	27
Chr1	5040198	5041698	148	25
Chr1	5055253	5056753	24	5
Chr1	5116513	5118013	21	12
Chr1	5262398	5263898	32	8
Chr1	5262398	5263898	32	8
Chr1	5492186	5493686	64	18
Chr1	5513980	5515480	47	8
Chr1	5670970	5672470	230	64
Chr1	5670970	5672470	230	64
Chr1	5767459	5768959	64	16
Chr1	5767459	5768959	64	16
Chr1	5798607	5800107	24	7
Chr1	5798607	5800107	24	7
Chr1	5798607	5800107	24	7
Chr1	5811117	5812617	52	20
Chr1	5811117	5812617	52	20
Chr1	5811117	5812617	52	20
Chr1	5920759	5922259	53	20
Chr1	5985375	5986875	53	28
Chr1	6006663	6008163	47	17
Chr1	6652077	6653577	182	32
Chr1	6881468	6882968	34	13
Chr1	7023297	7024797	161	34
Chr1	7037103	7038603	91	22
Chr1	7047273	7048773	98	27
Chr1	7052100	7053600	44	6
Chr1	7060344	7061844	39	7
Chr1	7070481	7071981	41	26
Chr1	7102766	7104266	105	6
Chr1	7296672	7298172	50	21
Chr1	7373869	7375369	34	20
Chr1	7373869	7375369	34	20
Chr1	7393208	7394708	29	4
Chr1	7393208	7394708	29	4
Chr1	7428384	7429884	16	11
Chr1	7711339	7712839	52	15
Chr1	7851645	7853145	58	8
Chr1	7900374	7901874	88	20
Chr1	8083372	8084872	168	23
Chr1	8196664	8198164	30	5
Chr1	8196664	8198164	30	5
Chr1	8202298	8203798	29	12
Chr1	8202298	8203798	29	12
Chr1	8374901	8376401	44	23
Chr1	8681929	8683429	100	20
Chr1	8952212	8953712	116	22
Chr1	8952212	8953712	116	22
Chr1	9017144	9018644	17	17
Chr1	9198462	9199962	26	18
Chr1	9525187	9526687	25	7
Chr1	9525187	9526687	25	7
Chr1	9732832	9734332	108	43
Chr1	9732832	9734332	108	43
Chr1	9873326	9874826	189	122
Chr1	9873326	9874826	189	122
Chr1	9886626	9888126	34	20
Chr1	10002950	10004450	68	24
Chr1	10219196	10220696	24	10
Chr1	10469540	10471040	57	20
Chr1	10621795	10623295	53	23
Chr1	10621795	10623295	53	23
Chr1	10621795	10623295	53	23
Chr1	10807581	10809081	95	23
Chr1	10829045	10830545	37	8
Chr1	10829045	10830545	37	8
Chr1	11207573	11209073	31	12
Chr1	11271155	11272655	31	12
Chr1	11349507	11351007	45	11
Chr1	11462942	11464442	43	15
Chr1	11462942	11464442	43	15
Chr1	11717284	11718784	38	10
Chr1	11740377	11741877	21	8
Chr1	12116107	12117607	9	6
Chr1	14263078	14264578	45	6
Chr1	14263078	14264578	45	6
Chr1	14470242	14471742	34	2
Chr1	14470242	14471742	34	2
Chr1	15058422	15059922	10	2
Chr1	15420618	15422118	53	3
Chr1	15420618	15422118	53	3
Chr1	15583186	15584686	24	14
Chr1	16722117	16723617	27	8
Chr1	16722117	16723617	27	8
Chr1	16722117	16723617	27	8
Chr1	17348311	17349811	706	298
Chr1	17348311	17349811	706	298
Chr1	17348311	17349811	706	298
Chr1	17348311	17349811	706	298
Chr1	18354006	18355506	26	22
Chr1	18354006	18355506	26	22
Chr1	18369010	18370510	40	21
Chr1	18369010	18370510	40	21
Chr1	18369010	18370510	40	21
Chr1	19241042	19242542	18	14
Chr1	19241042	19242542	18	14
Chr1	19477106	19478606	67	9
Chr1	19477106	19478606	67	9
Chr1	19477106	19478606	67	9
Chr1	20242240	20243740	21	10
Chr1	20627647	20629147	35	14
Chr1	21037806	21039306	41	14
Chr1	21037806	21039306	41	14
Chr1	21937865	21939365	15	5
Chr1	22119317	22120817	66	24
Chr1	22488496	22489996	26	5
Chr1	22537988	22539488	36	8
Chr1	22910187	22911687	81	21
Chr1	22923370	22924870	60	2
Chr1	22958725	22960225	74	20
Chr1	23008441	23009941	39	7
Chr1	23008441	23009941	39	7
Chr1	23550970	23552470	50	20
Chr1	23606348	23607848	474	212
Chr1	23606348	23607848	474	212
Chr1	23606348	23607848	474	212
Chr1	23606348	23607848	474	212
Chr1	23606348	23607848	474	212
Chr1	23606348	23607848	474	212
Chr1	23606348	23607848	474	212
Chr1	23606348	23607848	474	212
Chr1	23606348	23607848	474	212
Chr1	23606348	23607848	474	212
Chr1	23606348	23607848	474	212
Chr1	23968757	23970257	112	10
Chr1	23968757	23970257	112	10
Chr1	24738092	24739592	12	12
Chr1	24901313	24902813	28	19
Chr1	24901313	24902813	28	19
Chr1	24966398	24967898	46	4
Chr1	24966398	24967898	46	4
Chr1	25972522	25974022	288	156
Chr1	25972522	25974022	288	156
Chr1	25972522	25974022	288	156
Chr1	25972522	25974022	288	156
Chr1	26045343	26046843	38	21
Chr1	26189752	26191252	47	8
Chr1	26884484	26885984	25	7
Chr1	28302270	28303770	25	13
Chr1	28355609	28357109	48	16
Chr1	28427062	28428562	50	16
Chr1	28427062	28428562	50	16
Chr1	28427062	28428562	50	16
Chr1	28620618	28622118	53	6
Chr1	28620618	28622118	53	6
Chr1	28727977	28729477	55	17
Chr1	28795516	28797016	29	3
Chr1	28920498	28921998	48	20
Chr1	28932845	28934345	37	7
Chr1	28940427	28941927	55	22
Chr1	28947545	28949045	85	21
Chr1	28990234	28991734	8	10
Chr1	29133440	29134940	34	7
Chr1	29559350	29560850	209	65
Chr1	29772861	29774361	76	26
Chr1	29779279	29780779	32	7
Chr1	29787737	29789237	28	8
Chr1	29787737	29789237	28	8
Chr1	29873486	29874986	43	10
Chr1	29893027	29894527	69	18
Chr1	30029998	30031498	178	64
Chr1	30029998	30031498	178	64
Chr1	30029998	30031498	178	64
Chr1	30029998	30031498	178	64
Chr1	30029998	30031498	178	64
Chr1	30029998	30031498	178	64
Chr1	30029998	30031498	178	64
Chr1	30029998	30031498	178	64
Chr1	30029998	30031498	178	64
Chr1	30029998	30031498	178	64
Chr1	30029998	30031498	178	64
Chr1	30310221	30311721	38	13
Chr1	30581485	30582985	60	23
Chr1	30607363	30608863	72	12
Chr1	30691098	30692598	30	15
Chr1	30696210	30697710	24	12
Chr1	30713344	30714844	64	10
Chr1	30817942	30819442	28	4
Chr1	30896973	30898473	54	19
Chr1	30917104	30918604	31	16
Chr1	30917104	30918604	31	16
Chr1	31271337	31272837	144	37
Chr1	31279034	31280534	115	35
Chr1	31355182	31356682	24	10
Chr1	31355182	31356682	24	10
Chr1	31369225	31370725	76	19
Chr1	31421946	31423446	62	17
Chr1	31607162	31608662	35	10
Chr1	31939688	31941188	32	8
Chr1	31939688	31941188	32	8
Chr1	31939688	31941188	32	8
Chr1	31948080	31949580	40	6
Chr1	31948080	31949580	40	6
Chr1	31948080	31949580	40	6
Chr1	32025305	32026805	58	22
Chr1	32034511	32036011	39	14
Chr1	32034511	32036011	39	14
Chr1	32039878	32041378	27	8
Chr1	32039878	32041378	27	8
Chr1	32511402	32512902	202	27
Chr1	33452433	33453933	24	16
Chr1	33493602	33495102	18	13
Chr1	33951131	33952631	42	6
Chr1	33996100	33997600	97	25
Chr1	34145161	34146661	24	10
Chr1	34151917	34153417	43	8
Chr1	34151917	34153417	43	8
Chr1	34186365	34187865	36	10
Chr1	34419990	34421490	88	16
Chr1	34530768	34532268	122	44
Chr1	34635151	34636651	94	30
Chr1	34689245	34690745	90	14
Chr1	34693891	34695391	53	14
Chr1	34771871	34773371	67	8
Chr1	35144516	35146016	33	10
Chr1	35144516	35146016	33	10
Chr1	35227867	35229367	136	34
Chr1	35227867	35229367	136	34
Chr1	35227867	35229367	136	34
Chr1	35326664	35328164	138	15
Chr1	35420033	35421533	44	24
Chr1	35435701	35437201	52	15
Chr1	35498017	35499517	53	22
Chr1	35587877	35589377	154	24
Chr1	35598518	35600018	32	12
Chr1	35635303	35636803	52	18
Chr1	36038706	36040206	62	11
Chr1	36038706	36040206	62	11
Chr1	36038706	36040206	62	11
Chr1	36038706	36040206	62	11
Chr1	36157218	36158718	83	22
Chr1	36373459	36374959	61	14
Chr1	36442444	36443944	120	14
Chr1	36764794	36766294	46	10
Chr1	36944093	36945593	66	20
Chr1	37234781	37236281	41	7
Chr1	37237901	37239401	29	17
Chr1	37268723	37270223	45	13
Chr1	37709241	37710741	78	14
Chr1	37734280	37735780	58	16
Chr1	37789111	37790611	137	43
Chr1	37789111	37790611	137	43
Chr1	37794596	37796096	64	29
Chr1	37794596	37796096	64	29
Chr1	37809770	37811270	16	10
Chr1	37809770	37811270	16	10
Chr1	37813673	37815173	19	15
Chr1	37813673	37815173	19	15
Chr1	37820218	37821718	39	14
Chr1	37820218	37821718	39	14
Chr1	37833177	37834677	169	8
Chr1	37833177	37834677	169	8
Chr1	37836137	37837637	43	24
Chr1	37836137	37837637	43	24
Chr1	37931350	37932850	43	12
Chr1	38008626	38010126	40	19
Chr1	38029852	38031352	116	40
Chr1	38211299	38212799	50	8
Chr1	38239805	38241305	37	3
Chr1	38265009	38266509	81	13
Chr1	38381382	38382882	25	21
Chr1	38391280	38392780	86	20
Chr1	38434460	38435960	85	18
Chr1	38748035	38749535	23	21
Chr1	38748035	38749535	23	21
Chr1	38803408	38804908	37	12
Chr1	38809951	38811451	51	10
Chr1	38814679	38816179	88	24
Chr1	38965631	38967131	1638	228
Chr1	38983578	38985078	64	14
Chr1	39017451	39018951	41	14
Chr1	39105264	39106764	33	10
Chr1	39306443	39307943	24	13
Chr1	39306443	39307943	24	13
Chr1	39311730	39313230	35	14
Chr1	39311730	39313230	35	14
Chr1	39318389	39319889	21	14
Chr1	39809303	39810803	34	22
Chr1	39809303	39810803	34	22
Chr1	39850926	39852426	22	21
Chr1	39851601	39853101	28	21
Chr1	40562530	40564030	35	6
Chr1	40590802	40592302	33	14
Chr1	40606531	40608031	52	11
Chr1	41094905	41096405	37	9
Chr1	41345574	41347074	35	19
Chr1	41364160	41365660	22	15
Chr1	41374172	41375672	34	10
Chr1	41535119	41536619	24	4
Chr1	41594485	41595985	8	6
Chr1	41598192	41599692	9	18
Chr1	41602297	41603797	26	13
Chr1	41681305	41682805	48	21
Chr1	41710881	41712381	83	15
Chr1	41744166	41745666	40	11
Chr1	41947952	41949452	162	54
Chr1	41947952	41949452	162	54
Chr1	42205304	42206804	33	12
Chr1	42210882	42212382	27	8
Chr1	42228506	42230006	82	10
Chr1	42296255	42297755	57	22
Chr1	42296255	42297755	57	22
Chr1	42597502	42599002	84	13
Chr1	42637405	42638905	20	9
Chr1	42984519	42986019	38	8
Chr1	43069666	43071166	36	8
Chr1	43116731	43118231	60	18
Chr1	43195120	43196620	50	14
Chr1	43195120	43196620	50	14
Chr2	353794	355294	34	6
Chr2	353794	355294	34	6
Chr2	795780	797280	60	10
Chr2	842172	843672	87	31
Chr2	842172	843672	87	31
Chr2	842172	843672	87	31
Chr2	842172	843672	87	31
Chr2	917797	919297	43	13
Chr2	949728	951228	42	20
Chr2	1056330	1057830	37	12
Chr2	1206635	1208135	79	16
Chr2	1325922	1327422	332	81
Chr2	1442900	1444400	33	14
Chr2	1474210	1475710	46	10
Chr2	1574400	1575900	25	22
Chr2	1574400	1575900	25	22
Chr2	1654960	1656460	176	20
Chr2	1654960	1656460	176	20
Chr2	2811237	2812737	61	4
Chr2	2811237	2812737	61	4
Chr2	2868670	2870170	27	0
Chr2	3189690	3191190	47	5
Chr2	3265011	3266511	31	10
Chr2	3285908	3287408	136	43
Chr2	3285908	3287408	136	43
Chr2	3285908	3287408	136	43
Chr2	3290235	3291735	46	10
Chr2	3529043	3530543	9	4
Chr2	3529043	3530543	9	4
Chr2	3616664	3618164	52	18
Chr2	3714275	3715775	60	4
Chr2	3714275	3715775	60	4
Chr2	3714275	3715775	60	4
Chr2	3867113	3868613	42	12
Chr2	4081031	4082531	92	11
Chr2	4102333	4103833	19	3
Chr2	4102333	4103833	19	3
Chr2	4139915	4141415	43	15
Chr2	4279499	4280999	62	13
Chr2	4309596	4311096	43	15
Chr2	4309596	4311096	43	15
Chr2	4309596	4311096	43	15
Chr2	4572549	4574049	34	15
Chr2	4722212	4723712	39	11
Chr2	4725515	4727015	21	4
Chr2	4739044	4740544	22	8
Chr2	4753173	4754673	14	6
Chr2	4764151	4765651	90	25
Chr2	4784203	4785703	16	8
Chr2	4790457	4791957	26	13
Chr2	4795082	4796582	30	17
Chr2	4823246	4824746	49	17
Chr2	4825405	4826905	46	21
Chr2	4827671	4829171	30	13
Chr2	4889659	4891159	29	16
Chr2	5053309	5054809	69	11
Chr2	5061465	5062965	134	32
Chr2	5410327	5411827	11	8
Chr2	5410327	5411827	11	8
Chr2	5469996	5471496	1060	506
Chr2	5469996	5471496	1060	506
Chr2	5469996	5471496	1060	506
Chr2	5469996	5471496	1060	506
Chr2	5469996	5471496	1060	506
Chr2	5469996	5471496	1060	506
Chr2	5613961	5615461	31	16
Chr2	6018355	6019855	21	15
Chr2	6196353	6197853	35	13
Chr2	6555026	6556526	21	4
Chr2	6558488	6559988	29	16
Chr2	6613691	6615191	11	10
Chr2	6615308	6616808	27	17
Chr2	6955581	6957081	38	8
Chr2	7462932	7464432	121	29
Chr2	7551144	7552644	34	13
Chr2	8093347	8094847	21	4
Chr2	8581543	8583043	20	19
Chr2	8581543	8583043	20	19
Chr2	8800325	8801825	62	12
Chr2	9550856	9552356	37	25
Chr2	9550856	9552356	37	25
Chr2	9568677	9570177	21	10
Chr2	9568677	9570177	21	10
Chr2	9573547	9575047	21	13
Chr2	9573547	9575047	21	13
Chr2	9589540	9591040	12	4
Chr2	9589540	9591040	12	4
Chr2	9577458	9578958	5	2
Chr2	9577458	9578958	5	2
Chr2	9600761	9602261	41	14
Chr2	9600761	9602261	41	14
Chr2	10073581	10075081	41	7
Chr2	10260986	10262486	62	17
Chr2	10358560	10360060	28	12
Chr2	10358560	10360060	28	12
Chr2	10358560	10360060	28	12
Chr2	10362979	10364479	19	14
Chr2	10362979	10364479	19	14
Chr2	10362979	10364479	19	14
Chr2	10866722	10868222	24	22
Chr2	10986159	10987659	100	17
Chr2	11360418	11361918	26	8
Chr2	11869140	11870640	24	9
Chr2	12018009	12019509	20	13
Chr2	12319251	12320751	35	2
Chr2	12892458	12893958	79	24
Chr2	16013983	16015483	144	24
Chr2	16264380	16265880	65	20
Chr2	17117767	17119267	28	13
Chr2	17427027	17428527	46	8
Chr2	17562304	17563804	93	27
Chr2	17804488	17805988	60	14
Chr2	17961223	17962723	76	19
Chr2	18251570	18253070	48	20
Chr2	18445003	18446503	92	8
Chr2	18456636	18458136	44	20
Chr2	19120903	19122403	60	14
Chr2	19250345	19251845	114	18
Chr2	19312557	19314057	601	133
Chr2	19462861	19464361	22	13
Chr2	19618243	19619743	66	10
Chr2	19859074	19860574	33	10
Chr2	19972187	19973687	391	39
Chr2	20733076	20734576	60	22
Chr2	20750879	20752379	26	8
Chr2	20815101	20816601	57	19
Chr2	20871579	20873079	123	24
Chr2	21061152	21062652	101	35
Chr2	21224043	21225543	31	15
Chr2	21787133	21788633	14	12
Chr2	21812960	21814460	28	6
Chr2	21975509	21977009	149	36
Chr2	22076489	22077989	227	76
Chr2	22201698	22203198	16	10
Chr2	22214057	22215557	29	11
Chr2	22228412	22229912	29	15
Chr2	22257833	22259333	25	16
Chr2	22257833	22259333	25	16
Chr2	22266920	22268420	28	10
Chr2	22332281	22333781	196	39
Chr2	22998976	23000476	82	14
Chr2	23526518	23528018	179	42
Chr2	23536474	23537974	10	6
Chr2	23561276	23562776	190	18
Chr2	23758214	23759714	206	41
Chr2	23988750	23990250	378	181
Chr2	23988750	23990250	378	181
Chr2	23988750	23990250	378	181
Chr2	24697948	24699448	43	7
Chr2	24879434	24880934	26	19
Chr2	24914862	24916362	101	32
Chr2	25108674	25110174	25	6
Chr2	25597107	25598607	198	54
Chr2	25777079	25778579	30	8
Chr2	25860483	25861983	10	10
Chr2	25860483	25861983	10	10
Chr2	25860483	25861983	10	10
Chr2	26212507	26214007	29	12
Chr2	26609158	26610658	22	4
Chr2	26771133	26772633	38	5
Chr2	26770376	26771876	45	21
Chr2	26921400	26922900	14	4
Chr2	26923709	26925209	51	17
Chr2	26923709	26925209	51	17
Chr2	27028184	27029684	58	19
Chr2	27217219	27218719	29	16
Chr2	27534123	27535623	54	8
Chr2	27547399	27548899	49	9
Chr2	27805131	27806631	179	68
Chr2	28315698	28317198	31	13
Chr2	28315698	28317198	31	13
Chr2	28559522	28561022	27	8
Chr2	28683349	28684849	2632	1378
Chr2	28700804	28702304	425	185
Chr2	28748597	28750097	68	12
Chr2	28748597	28750097	68	12
Chr2	28818291	28819791	94	12
Chr2	28934436	28935936	14	12
Chr2	29062123	29063623	21	4
Chr2	29450939	29452439	188	36
Chr2	29450939	29452439	188	36
Chr2	29450939	29452439	188	36
Chr2	29741213	29742713	35	17
Chr2	29741213	29742713	35	17
Chr2	30093259	30094759	107	49
Chr2	30147858	30149358	23	8
Chr2	30263007	30264507	36	14
Chr2	30363245	30364745	116	33
Chr2	30470980	30472480	309	118
Chr2	30475273	30476773	3356	1429
Chr2	30475273	30476773	3356	1429
Chr2	30475273	30476773	3356	1429
Chr2	30475273	30476773	3356	1429
Chr2	30540613	30542113	42	6
Chr2	30886094	30887594	463	78
Chr2	31219568	31221068	35	10
Chr2	31219568	31221068	35	10
Chr2	31237710	31239210	116	32
Chr2	31245225	31246725	325	126
Chr2	31662080	31663580	19	14
Chr2	31725821	31727321	27	11
Chr2	31768282	31769782	67	12
Chr2	31788531	31790031	28	12
Chr2	31793391	31794891	291	71
Chr2	31804977	31806477	96	44
Chr2	32201222	32202722	59	19
Chr2	32201222	32202722	59	19
Chr2	32201222	32202722	59	19
Chr2	32201222	32202722	59	19
Chr2	32201222	32202722	59	19
Chr2	32201222	32202722	59	19
Chr2	32201222	32202722	59	19
Chr2	32201222	32202722	59	19
Chr2	32355997	32357497	49	11
Chr2	32557635	32559135	80	33
Chr2	32569545	32571045	101	21
Chr2	32673418	32674918	18	6
Chr2	32692544	32694044	95	24
Chr2	32692544	32694044	95	24
Chr2	32692544	32694044	95	24
Chr2	32918014	32919514	30	13
Chr2	33223095	33224595	48	22
Chr2	33433089	33434589	22	6
Chr2	33468138	33469638	73	18
Chr2	33728767	33730267	66	13
Chr2	33728767	33730267	66	13
Chr2	34025273	34026773	56	17
Chr2	34253642	34255142	39	10
Chr2	34671992	34673492	35	14
Chr2	34671992	34673492	35	14
Chr2	34719866	34721366	28	11
Chr2	34921501	34923001	77	20
Chr2	35084701	35086201	111	26
Chr2	35193811	35195311	40	10
Chr2	35250393	35251893	63	15
Chr2	35333956	35335456	35	19
Chr2	35340719	35342219	138	28
Chr2	35378327	35379827	64	13
Chr2	35378327	35379827	64	13
Chr2	35378327	35379827	64	13
Chr2	35522858	35524358	53	7
Chr2	35820686	35822186	41	15
Chr3	12193	13693	0	0
Chr3	12193	13693	0	0
Chr3	113898	115398	16	11
Chr3	201527	203027	38	5
Chr3	201527	203027	38	5
Chr3	493593	495093	25	11
Chr3	493593	495093	25	11
Chr3	493593	495093	25	11
Chr3	509595	511095	107	20
Chr3	523008	524508	25	10
Chr3	523008	524508	25	10
Chr3	536609	538109	18	10
Chr3	727504	729004	14	6
Chr3	770764	772264	94	26
Chr3	770764	772264	94	26
Chr3	770764	772264	94	26
Chr3	941694	943194	50	39
Chr3	954871	956371	39	8
Chr3	996600	998100	36	7
Chr3	1088162	1089662	38	5
Chr3	1088162	1089662	38	5
Chr3	1244560	1246060	80	9
Chr3	1401828	1403328	28	13
Chr3	1438698	1440198	45	6
Chr3	1438698	1440198	45	6
Chr3	1518797	1520297	187	39
Chr3	1518797	1520297	187	39
Chr3	1518797	1520297	187	39
Chr3	1531124	1532624	28	8
Chr3	1531124	1532624	28	8
Chr3	1531124	1532624	28	8
Chr3	1661172	1662672	285	72
Chr3	1764300	1765800	102	28
Chr3	1771819	1773319	126	30
Chr3	1818355	1819855	179	84
Chr3	2017823	2019323	100	13
Chr3	2017823	2019323	100	13
Chr3	2068454	2069954	68	6
Chr3	2136225	2137725	41	15
Chr3	2136225	2137725	41	15
Chr3	2150172	2151672	68	26
Chr3	2564148	2565648	129	38
Chr3	2887422	2888922	34	6
Chr3	2997855	2999355	30	5
Chr3	2997855	2999355	30	5
Chr3	3004075	3005575	32	8
Chr3	3004075	3005575	32	8
Chr3	3006831	3008331	30	8
Chr3	3006831	3008331	30	8
Chr3	3020246	3021746	18	10
Chr3	3020246	3021746	18	10
Chr3	3025461	3026961	8	12
Chr3	3025461	3026961	8	12
Chr3	3035386	3036886	18	9
Chr3	3035386	3036886	18	9
Chr3	3164266	3165766	145	14
Chr3	3341254	3342754	434	71
Chr3	3701086	3702586	45	13
Chr3	3701086	3702586	45	13
Chr3	3737779	3739279	126	27
Chr3	3737779	3739279	126	27
Chr3	3771057	3772557	91	18
Chr3	4080584	4082084	173	31
Chr3	4142215	4143715	29	4
Chr3	4172178	4173678	49	18
Chr3	4846121	4847621	36	12
Chr3	5097238	5098738	63	27
Chr3	5111102	5112602	38	13
Chr3	5213069	5214569	46	10
Chr3	5351516	5353016	42	19
Chr3	5676634	5678134	41	8
Chr3	5676634	5678134	41	8
Chr3	5834666	5836166	47	8
Chr3	5996934	5998434	92	30
Chr3	6151114	6152614	20	12
Chr3	6151114	6152614	20	12
Chr3	6246817	6248317	57	12
Chr3	6246817	6248317	57	12
Chr3	6368445	6369945	202	59
Chr3	6536569	6538069	212	28
Chr3	6709965	6711465	92	25
Chr3	6778096	6779596	69	17
Chr3	7135651	7137151	42	11
Chr3	7143058	7144558	35	6
Chr3	7143058	7144558	35	6
Chr3	7150840	7152340	21	0
Chr3	7150840	7152340	21	0
Chr3	7168365	7169865	37	16
Chr3	7168365	7169865	37	16
Chr3	7342372	7343872	31	18
Chr3	7342372	7343872	31	18
Chr3	7498862	7500362	69	10
Chr3	7498862	7500362	69	10
Chr3	7658005	7659505	78	35
Chr3	7710026	7711526	59	9
Chr3	7833291	7834791	52	8
Chr3	7842674	7844174	29	12
Chr3	8650497	8651997	26	8
Chr3	8905854	8907354	89	30
Chr3	8966306	8967806	45	13
Chr3	9010583	9012083	77	32
Chr3	9073313	9074813	41	13
Chr3	9073313	9074813	41	13
Chr3	9273082	9274582	21	10
Chr3	9316212	9317712	113	22
Chr3	9369159	9370659	60	26
Chr3	9369159	9370659	60	26
Chr3	9369159	9370659	60	26
Chr3	9369159	9370659	60	26
Chr3	9382092	9383592	28	20
Chr3	9382092	9383592	28	20
Chr3	9382092	9383592	28	20
Chr3	9415582	9417082	33	14
Chr3	9415582	9417082	33	14
Chr3	9415582	9417082	33	14
Chr3	9415582	9417082	33	14
Chr3	9732473	9733973	54	15
Chr3	9755257	9756757	56	9
Chr3	9768190	9769690	296	54
Chr3	9842327	9843827	121	32
Chr3	10005387	10006887	49	12
Chr3	10005387	10006887	49	12
Chr3	10005387	10006887	49	12
Chr3	10043929	10045429	30	9
Chr3	10082951	10084451	129	16
Chr3	10183582	10185082	66	26
Chr3	10364764	10366264	41	21
Chr3	10419419	10420919	42	13
Chr3	10566306	10567806	37	11
Chr3	10948438	10949938	49	10
Chr3	11411715	11413215	44	6
Chr3	11411715	11413215	44	6
Chr3	11521674	11523174	144	43
Chr3	11531483	11532983	61	20
Chr3	11531483	11532983	61	20
Chr3	11531483	11532983	61	20
Chr3	11612231	11613731	38	10
Chr3	11711169	11712669	7273	2319
Chr3	11938973	11940473	53	6
Chr3	11938973	11940473	53	6
Chr3	11938973	11940473	53	6
Chr3	12343841	12345341	92	31
Chr3	12470102	12471602	31	12
Chr3	12470102	12471602	31	12
Chr3	12634682	12636182	72	33
Chr3	12634682	12636182	72	33
Chr3	12634682	12636182	72	33
Chr3	13007630	13009130	20	7
Chr3	13115236	13116736	44	9
Chr3	14158702	14160202	33	2
Chr3	14158702	14160202	33	2
Chr3	14169908	14171408	34	2
Chr3	14205981	14207481	49	18
Chr3	14380298	14381798	6	8
Chr3	14838622	14840122	30	12
Chr3	14893714	14895214	18	4
Chr3	14893714	14895214	18	4
Chr3	14966599	14968099	27	10
Chr3	14991817	14993317	97	13
Chr3	15380803	15382303	36	7
Chr3	15513615	15515115	29	16
Chr3	15527226	15528726	33	10
Chr3	15631965	15633465	89	21
Chr3	16018239	16019739	50	8
Chr3	16018239	16019739	50	8
Chr3	16150224	16151724	27	8
Chr3	16753725	16755225	31	13
Chr3	16883140	16884640	24	10
Chr3	17113271	17114771	44	6
Chr3	17659012	17660512	7	8
Chr3	17709549	17711049	33	2
Chr3	17773339	17774839	28	6
Chr3	17831202	17832702	71	26
Chr3	17933776	17935276	22	7
Chr3	17933776	17935276	22	7
Chr3	18682344	18683844	31	9
Chr3	18682344	18683844	31	9
Chr3	18688888	18690388	84	27
Chr3	21090937	21092437	69	19
Chr3	21672710	21674210	128	15
Chr3	21745049	21746549	21	17
Chr3	21998942	22000442	1783	523
Chr3	21998942	22000442	1783	523
Chr3	21998942	22000442	1783	523
Chr3	21998942	22000442	1783	523
Chr3	21998942	22000442	1783	523
Chr3	21998942	22000442	1783	523
Chr3	21998942	22000442	1783	523
Chr3	21998942	22000442	1783	523
Chr3	21998942	22000442	1783	523
Chr3	21998942	22000442	1783	523
Chr3	21998942	22000442	1783	523
Chr3	22047470	22048970	26	15
Chr3	22082215	22083715	44	12
Chr3	22122330	22123830	40	25
Chr3	22656752	22658252	47	25
Chr3	22844483	22845983	31	2
Chr3	22844483	22845983	31	2
Chr3	23070803	23072303	87	11
Chr3	23733580	23735080	44	13
Chr3	23733580	23735080	44	13
Chr3	23733580	23735080	44	13
Chr3	24227430	24228930	27	11
Chr3	24227430	24228930	27	11
Chr3	24227430	24228930	27	11
Chr3	24694129	24695629	21	10
Chr3	24845159	24846659	67	16
Chr3	25123759	25125259	44	6
Chr3	25151042	25152542	39	11
Chr3	25221026	25222526	32	12
Chr3	26410191	26411691	88	11
Chr3	26951048	26952548	125	23
Chr3	27418277	27419777	34	16
Chr3	27418277	27419777	34	16
Chr3	27592332	27593832	50	10
Chr3	27774340	27775840	49	8
Chr3	27774340	27775840	49	8
Chr3	27853761	27855261	140	24
Chr3	28007600	28009100	57	12
Chr3	28044992	28046492	64	22
Chr3	28044992	28046492	64	22
Chr3	28173750	28175250	104	26
Chr3	28511625	28513125	81	23
Chr3	28646086	28647586	32	12
Chr3	28646086	28647586	32	12
Chr3	28646086	28647586	32	12
Chr3	28646086	28647586	32	12
Chr3	28662767	28664267	146	36
Chr3	28685958	28687458	11246	4458
Chr3	28685958	28687458	11246	4458
Chr3	28685958	28687458	11246	4458
Chr3	28685958	28687458	11246	4458
Chr3	29189861	29191361	33	30
Chr3	29189861	29191361	33	30
Chr3	29311734	29313234	23	9
Chr3	29369719	29371219	52	9
Chr3	29953406	29954906	94	33
Chr3	29958282	29959782	12	6
Chr3	30065656	30067156	54	8
Chr3	30516536	30518036	63	23
Chr3	30563192	30564692	209	34
Chr3	30606664	30608164	87	31
Chr3	30829441	30830941	18	8
Chr3	31280994	31282494	24	7
Chr3	31293054	31294554	55	18
Chr3	31296658	31298158	53	10
Chr3	31297866	31299366	38	3
Chr3	31301708	31303208	22	12
Chr3	31314805	31316305	43	18
Chr3	31651694	31653194	48	12
Chr3	32029415	32030915	90	24
Chr3	32029415	32030915	90	24
Chr3	32089185	32090685	137	31
Chr3	32141117	32142617	26	11
Chr3	32152882	32154382	97	23
Chr3	32152882	32154382	97	23
Chr3	32159112	32160612	131	20
Chr3	32273674	32275174	299	82
Chr3	32273674	32275174	299	82
Chr3	32273674	32275174	299	82
Chr3	32363339	32364839	52	12
Chr3	32374903	32376403	44	12
Chr3	32387963	32389463	91	12
Chr3	32387963	32389463	91	12
Chr3	32703999	32705499	42	10
Chr3	32935013	32936513	202	80
Chr3	32969882	32971382	78	23
Chr3	33077794	33079294	62	19
Chr3	33104828	33106328	143	13
Chr3	33104828	33106328	143	13
Chr3	33109648	33111148	24	9
Chr3	33749940	33751440	85	18
Chr3	33749940	33751440	85	18
Chr3	33776510	33778010	22	8
Chr3	33776510	33778010	22	8
Chr3	33785967	33787467	65	20
Chr3	34205808	34207308	58	11
Chr3	34237474	34238974	24	14
Chr3	34445323	34446823	97	18
Chr3	34445323	34446823	97	18
Chr3	34445323	34446823	97	18
Chr3	34445323	34446823	97	18
Chr3	34496357	34497857	45	6
Chr3	34501945	34503445	123	20
Chr3	34510779	34512279	45	16
Chr3	34510779	34512279	45	16
Chr3	34576473	34577973	50	15
Chr3	34576473	34577973	50	15
Chr3	34635942	34637442	35	8
Chr3	35176572	35178072	50	8
Chr3	35237255	35238755	25	12
Chr3	35348527	35350027	50	4
Chr3	35473092	35474592	302	10
Chr3	35473092	35474592	302	10
Chr3	35560680	35562180	38	11
Chr3	35776909	35778409	96	40
Chr3	35860518	35862018	250	98
Chr3	35988011	35989511	76	8
Chr3	35988011	35989511	76	8
Chr3	36149664	36151164	26	7
Chr3	36182652	36184152	157	36
Chr4	56419	57919	22	12
Chr4	101143	102643	35	17
Chr4	399957	401457	76	18
Chr4	444342	445842	13	10
Chr4	445012	446512	22	7
Chr4	452419	453919	24	3
Chr4	615846	617346	57	18
Chr4	1109873	1111373	37	16
Chr4	1109873	1111373	37	16
Chr4	4737375	4738875	79	20
Chr4	5333979	5335479	30	10
Chr4	5483768	5485268	34	23
Chr4	7127690	7129190	6	2
Chr4	7151472	7152972	52	9
Chr4	7155600	7157100	19	0
Chr4	7155600	7157100	19	0
Chr4	7159320	7160820	18	4
Chr4	7162748	7164248	29	6
Chr4	7249358	7250858	26	12
Chr4	7901361	7902861	34	6
Chr4	7901361	7902861	34	6
Chr4	8241368	8242868	35	24
Chr4	8598011	8599511	32	9
Chr4	8598011	8599511	32	9
Chr4	12424564	12426064	93	20
Chr4	14074237	14075737	40	21
Chr4	14312789	14314289	4	4
Chr4	14679107	14680607	25	12
Chr4	14691552	14693052	4	2
Chr4	14743834	14745334	81	24
Chr4	14786351	14787851	11	10
Chr4	14826275	14827775	28	6
Chr4	14968824	14970324	6	1
Chr4	15108829	15110329	6	2
Chr4	15121428	15122928	17	15
Chr4	15985497	15986997	33	6
Chr4	16520952	16522452	20	8
Chr4	18609812	18611312	59	29
Chr4	18674930	18676430	19	7
Chr4	19188122	19189622	26	6
Chr4	19364855	19366355	19	6
Chr4	19607418	19608918	89	14
Chr4	20093182	20094682	61	23
Chr4	20371913	20373413	54	33
Chr4	20494975	20496475	2051	522
Chr4	20498421	20499921	76	6
Chr4	20586018	20587518	106	31
Chr4	21284760	21286260	26	9
Chr4	21413496	21414996	14	10
Chr4	21470447	21471947	57	8
Chr4	21626815	21628315	65	21
Chr4	21705157	21706657	61	18
Chr4	21705157	21706657	61	18
Chr4	21758162	21759662	347	21
Chr4	21794403	21795903	66	4
Chr4	21975419	21976919	32	13
Chr4	21975419	21976919	32	13
Chr4	22073971	22075471	77	15
Chr4	22177141	22178641	37	3
Chr4	22480487	22481987	74	22
Chr4	22548901	22550401	390	83
Chr4	22837094	22838594	3497	852
Chr4	22837094	22838594	3497	852
Chr4	22911923	22913423	70	26
Chr4	22936056	22937556	272	88
Chr4	22993552	22995052	27	8
Chr4	22993552	22995052	27	8
Chr4	22993552	22995052	27	8
Chr4	23023022	23024522	34	8
Chr4	23080938	23082438	11	11
Chr4	23103041	23104541	179	76
Chr4	23158003	23159503	49	18
Chr4	23158003	23159503	49	18
Chr4	23182357	23183857	26	0
Chr4	23182357	23183857	26	0
Chr4	23460847	23462347	68	22
Chr4	23460847	23462347	68	22
Chr4	23511529	23513029	43	9
Chr4	24046554	24048054	56	10
Chr4	24050642	24052142	14	10
Chr4	24304449	24305949	39	27
Chr4	24370792	24372292	96	18
Chr4	24548672	24550172	14	5
Chr4	24548672	24550172	14	5
Chr4	24552900	24554400	18	8
Chr4	24552900	24554400	18	8
Chr4	24565956	24567456	90	10
Chr4	24565956	24567456	90	10
Chr4	24571204	24572704	27	20
Chr4	24571204	24572704	27	20
Chr4	24592234	24593734	59	17
Chr4	24648896	24650396	308	63
Chr4	24888983	24890483	988	416
Chr4	24888983	24890483	988	416
Chr4	24888983	24890483	988	416
Chr4	25384446	25385946	97	20
Chr4	25542324	25543824	76	14
Chr4	25542324	25543824	76	14
Chr4	25570962	25572462	32	4
Chr4	25772341	25773841	25	7
Chr4	25772341	25773841	25	7
Chr4	25772341	25773841	25	7
Chr4	25844412	25845912	23	13
Chr4	25958399	25959899	22	5
Chr4	26508366	26509866	58	11
Chr4	26508366	26509866	58	11
Chr4	26659002	26660502	40	12
Chr4	27196518	27198018	37	7
Chr4	27218340	27219840	25	7
Chr4	27576496	27577996	31	11
Chr4	27595650	27597150	33	12
Chr4	27727991	27729491	16	10
Chr4	27819634	27821134	14	10
Chr4	28056606	28058106	87	23
Chr4	28221177	28222677	48	19
Chr4	28221177	28222677	48	19
Chr4	28265246	28266746	29	8
Chr4	28573411	28574911	126	14
Chr4	28648959	28650459	69	18
Chr4	28727147	28728647	74	8
Chr4	28750051	28751551	50	10
Chr4	29156213	29157713	92	43
Chr4	29156213	29157713	92	43
Chr4	29196672	29198172	41	23
Chr4	29340666	29342166	74	19
Chr4	29454859	29456359	118	55
Chr4	29484142	29485642	15	6
Chr4	29484142	29485642	15	6
Chr4	29538038	29539538	89	12
Chr4	29538038	29539538	89	12
Chr4	29569887	29571387	131	37
Chr4	29856538	29858038	36	12
Chr4	29996761	29998261	28	12
Chr4	30030185	30031685	34	8
Chr4	30108389	30109889	29	8
Chr4	30144192	30145692	51	21
Chr4	30144192	30145692	51	21
Chr4	30155252	30156752	40	11
Chr4	30155252	30156752	40	11
Chr4	30160452	30161952	21	20
Chr4	30160452	30161952	21	20
Chr4	30404474	30405974	50	15
Chr4	30409105	30410605	87	22
Chr4	30409105	30410605	87	22
Chr4	30474660	30476160	32	5
Chr4	30474660	30476160	32	5
Chr4	30474660	30476160	32	5
Chr4	30482992	30484492	80	19
Chr4	30482992	30484492	80	19
Chr4	30482992	30484492	80	19
Chr4	30517927	30519427	33	11
Chr4	30517927	30519427	33	11
Chr4	30523056	30524556	46	23
Chr4	30523056	30524556	46	23
Chr4	30523056	30524556	46	23
Chr4	30544175	30545675	82	20
Chr4	30726584	30728084	77	12
Chr4	30726584	30728084	77	12
Chr4	30738834	30740334	30	18
Chr4	30738834	30740334	30	18
Chr4	30829081	30830581	78	10
Chr4	31097225	31098725	56	21
Chr4	31186349	31187849	34	24
Chr4	31496254	31497754	32	9
Chr4	32144679	32146179	36	10
Chr4	32144679	32146179	36	10
Chr4	32144679	32146179	36	10
Chr4	32352487	32353987	94	24
Chr4	32573405	32574905	80	26
Chr4	32624802	32626302	29	9
Chr4	33117286	33118786	58	10
Chr4	33579155	33580655	111	27
Chr4	33579155	33580655	111	27
Chr4	33579318	33580818	106	29
Chr4	33728812	33730312	31	6
Chr4	33728812	33730312	31	6
Chr4	34336168	34337668	44	7
Chr4	34662055	34663555	1841	495
Chr4	34668394	34669894	49	8
Chr4	34668394	34669894	49	8
Chr4	34671842	34673342	25	10
Chr4	34696702	34698202	146	64
Chr4	34910161	34911661	121	30
Chr4	35088511	35090011	36	7
Chr4	35088511	35090011	36	7
Chr4	35359056	35360556	47	27
Chr4	35359056	35360556	47	27
Chr4	35433949	35435449	31	14
Chr5	212567	214067	38	15
Chr5	579988	581488	40	23
Chr5	632689	634189	69	8
Chr5	650177	651677	65	14
Chr5	1460362	1461862	19	10
Chr5	1552433	1553933	21	6
Chr5	1567665	1569165	50	9
Chr5	1661021	1662521	81	12
Chr5	1848254	1849754	39	20
Chr5	1993243	1994743	75	17
Chr5	2116805	2118305	37	17
Chr5	2116805	2118305	37	17
Chr5	2116805	2118305	37	17
Chr5	2310396	2311896	27	12
Chr5	2733259	2734759	36	15
Chr5	2820954	2822454	47	17
Chr5	2824323	2825823	26	10
Chr5	2888975	2890475	34	6
Chr5	3236883	3238383	46	12
Chr5	4133723	4135223	20	11
Chr5	4151905	4153405	20	11
Chr5	4570961	4572461	39	14
Chr5	4876623	4878123	37	6
Chr5	4876623	4878123	37	6
Chr5	4876623	4878123	37	6
Chr5	4957259	4958759	72	31
Chr5	5847791	5849291	60	28
Chr5	6671471	6672971	52	19
Chr5	6702433	6703933	19	13
Chr5	6702433	6703933	19	13
Chr5	6702433	6703933	19	13
Chr5	6932857	6934357	101	7
Chr5	6932857	6934357	101	7
Chr5	7033287	7034787	116	24
Chr5	7160628	7162128	44	11
Chr5	7999545	8001045	100	22
Chr5	8366351	8367851	38	8
Chr5	8366351	8367851	38	8
Chr5	8588986	8590486	36	10
Chr5	11394400	11395900	16	9
Chr5	11394400	11395900	16	9
Chr5	11419099	11420599	28	9
Chr5	11419099	11420599	28	9
Chr5	11698752	11700252	25	13
Chr5	11698752	11700252	25	13
Chr5	12838920	12840420	242	114
Chr5	13620777	13622277	78	17
Chr5	13620777	13622277	78	17
Chr5	13620777	13622277	78	17
Chr5	13797752	13799252	6	2
Chr5	13797752	13799252	6	2
Chr5	15039797	15041297	45	21
Chr5	15555059	15556559	27	4
Chr5	15555059	15556559	27	4
Chr5	15555059	15556559	27	4
Chr5	15644164	15645664	18	14
Chr5	15644164	15645664	18	14
Chr5	15644164	15645664	18	14
Chr5	15710233	15711733	23	12
Chr5	15710233	15711733	23	12
Chr5	15865239	15866739	21	6
Chr5	15865239	15866739	21	6
Chr5	17021436	17022936	62	18
Chr5	17062218	17063718	73	15
Chr5	17236008	17237508	11	14
Chr5	17661106	17662606	58	22
Chr5	17661106	17662606	58	22
Chr5	17661106	17662606	58	22
Chr5	17785474	17786974	61	10
Chr5	17785474	17786974	61	10
Chr5	17921837	17923337	69	11
Chr5	18317940	18319440	26	18
Chr5	18841751	18843251	105	24
Chr5	18867481	18868981	91	12
Chr5	19082891	19084391	80	8
Chr5	19962620	19964120	216	104
Chr5	19962620	19964120	216	104
Chr5	20050302	20051802	26	8
Chr5	20050302	20051802	26	8
Chr5	20084067	20085567	22	13
Chr5	20091034	20092534	48	5
Chr5	20091034	20092534	48	5
Chr5	20098150	20099650	22	8
Chr5	20098150	20099650	22	8
Chr5	20691774	20693274	25	16
Chr5	20793867	20795367	43	20
Chr5	20876978	20878478	53	19
Chr5	21035541	21037041	22	14
Chr5	21035541	21037041	22	14
Chr5	21035541	21037041	22	14
Chr5	21035541	21037041	22	14
Chr5	21100088	21101588	47	18
Chr5	21147863	21149363	40	20
Chr5	21147863	21149363	40	20
Chr5	21191240	21192740	27	16
Chr5	21191240	21192740	27	16
Chr5	21519385	21520885	49	18
Chr5	21703065	21704565	23	6
Chr5	22083044	22084544	24	6
Chr5	22396889	22398389	55	16
Chr5	22396889	22398389	55	16
Chr5	22602079	22603579	97	17
Chr5	22602079	22603579	97	17
Chr5	22602079	22603579	97	17
Chr5	22602079	22603579	97	17
Chr5	22747149	22748649	41	7
Chr5	22995896	22997396	85	31
Chr5	23008214	23009714	66	4
Chr5	23194662	23196162	89	8
Chr5	23240177	23241677	16	6
Chr5	23433520	23435020	44	19
Chr5	23433520	23435020	44	19
Chr5	23433520	23435020	44	19
Chr5	23497072	23498572	51	19
Chr5	23497072	23498572	51	19
Chr5	23870516	23872016	28	10
Chr5	24091244	24092744	67	8
Chr5	24134399	24135899	40	15
Chr5	24239401	24240901	73	20
Chr5	24239401	24240901	73	20
Chr5	24245171	24246671	25	10
Chr5	24270077	24271577	37	20
Chr5	24274818	24276318	206	36
Chr5	24292358	24293858	204	41
Chr5	24370212	24371712	30	12
Chr5	24536785	24538285	184	28
Chr5	24571317	24572817	32	5
Chr5	24592759	24594259	28	18
Chr5	25282108	25283608	114	20
Chr5	25488315	25489815	88	17
Chr5	25488315	25489815	88	17
Chr5	25488315	25489815	88	17
Chr5	25542222	25543722	118	26
Chr5	25665144	25666644	39	18
Chr5	25770768	25772268	196	49
Chr5	25778093	25779593	108	25
Chr5	25806660	25808160	104	20
Chr5	26199534	26201034	23	13
Chr5	26250852	26252352	39	5
Chr5	26343414	26344914	129	30
Chr5	26351111	26352611	83	26
Chr5	26351111	26352611	83	26
Chr5	26351111	26352611	83	26
Chr5	26378817	26380317	136	9
Chr5	26627165	26628665	35	23
Chr5	26939098	26940598	41	14
Chr5	26939098	26940598	41	14
Chr5	26942380	26943880	61	11
Chr5	26942380	26943880	61	11
Chr5	26986334	26987834	18	9
Chr5	27069515	27071015	58	16
Chr5	27076865	27078365	97	20
Chr5	27243022	27244522	140	17
Chr5	27301985	27303485	30	6
Chr5	27301985	27303485	30	6
Chr5	27487093	27488593	20	12
Chr5	27877556	27879056	1259	565
Chr5	27974107	27975607	41	18
Chr5	28237562	28239062	30	10
Chr5	28257435	28258935	40	8
Chr5	28257435	28258935	40	8
Chr5	28263881	28265381	87	27
Chr5	28263881	28265381	87	27
Chr5	28536425	28537925	29	16
Chr5	28621085	28622585	143	32
Chr5	28632062	28633562	149	18
Chr5	28632062	28633562	149	18
Chr5	28639262	28640762	22	17
Chr5	28823865	28825365	104	34
Chr5	28823865	28825365	104	34
Chr5	29224038	29225538	314	78
Chr5	29235686	29237186	80	13
Chr5	29235686	29237186	80	13
Chr5	29454559	29456059	15	12
Chr5	29454559	29456059	15	12
Chr5	29469011	29470511	45	4
Chr5	29479933	29481433	42	6
Chr6	156118	157618	29	14
Chr6	162205	163705	38	18
Chr6	274937	276437	57	24
Chr6	293571	295071	41	4
Chr6	293571	295071	41	4
Chr6	512304	513804	15	14
Chr6	664906	666406	58	8
Chr6	675126	676626	20	11
Chr6	675126	676626	20	11
Chr6	715819	717319	25	18
Chr6	884830	886330	92	15
Chr6	1413221	1414721	41	14
Chr6	1468100	1469600	59	41
Chr6	1477931	1479431	59	14
Chr6	1690885	1692385	30	18
Chr6	1702359	1703859	31	17
Chr6	1764622	1766122	23	12
Chr6	2146119	2147619	46	12
Chr6	2256139	2257639	159	12
Chr6	2256139	2257639	159	12
Chr6	2281572	2283072	51	6
Chr6	2841116	2842616	27	8
Chr6	3086308	3087808	41	21
Chr6	3181262	3182762	51	16
Chr6	3464873	3466373	158	25
Chr6	3807284	3808784	84	18
Chr6	3853646	3855146	0	0
Chr6	3892672	3894172	0	0
Chr6	3951751	3953251	102	16
Chr6	4312312	4313812	89	12
Chr6	4312312	4313812	89	12
Chr6	4318749	4320249	44	18
Chr6	4318749	4320249	44	18
Chr6	4375883	4377383	107	18
Chr6	4375883	4377383	107	18
Chr6	4458007	4459507	15	15
Chr6	4476168	4477668	41	12
Chr6	4487283	4488783	18	4
Chr6	4493430	4494930	45	4
Chr6	4502165	4503665	5	0
Chr6	4574427	4575927	8	4
Chr6	4590587	4592087	59	4
Chr6	4597478	4598978	32	6
Chr6	4644601	4646101	64	12
Chr6	4646954	4648454	48	17
Chr6	4699489	4700989	46	7
Chr6	5059660	5061160	33	14
Chr6	5198951	5200451	86	14
Chr6	5448104	5449604	16	6
Chr6	5618105	5619605	85	26
Chr6	5746709	5748209	26	9
Chr6	5746709	5748209	26	9
Chr6	6204607	6206107	26	16
Chr6	6239043	6240543	29	5
Chr6	6281365	6282865	21	23
Chr6	6607954	6609454	38	17
Chr6	6695666	6697166	22	4
Chr6	6695666	6697166	22	4
Chr6	6747358	6748858	47	23
Chr6	7145574	7147074	18	7
Chr6	7145574	7147074	18	7
Chr6	7145574	7147074	18	7
Chr6	7235108	7236608	26	5
Chr6	7235108	7236608	26	5
Chr6	7246729	7248229	31	3
Chr6	7246729	7248229	31	3
Chr6	8250038	8251538	42	7
Chr6	8703831	8705331	4601	1834
Chr6	8703831	8705331	4601	1834
Chr6	8703831	8705331	4601	1834
Chr6	8703831	8705331	4601	1834
Chr6	8738431	8739931	26	14
Chr6	8738431	8739931	26	14
Chr6	8752128	8753628	1471	322
Chr6	8752128	8753628	1471	322
Chr6	8877257	8878757	20	16
Chr6	9335359	9336859	58	7
Chr6	9395130	9396630	69	8
Chr6	11076221	11077721	142	69
Chr6	12654817	12656317	16	4
Chr6	12654817	12656317	16	4
Chr6	12750745	12752245	38	13
Chr6	13374503	13376003	44	14
Chr6	13374503	13376003	44	14
Chr6	13374503	13376003	44	14
Chr6	13406319	13407819	38	9
Chr6	13413641	13415141	36	10
Chr6	13803017	13804517	44	14
Chr6	13803017	13804517	44	14
Chr6	13803017	13804517	44	14
Chr6	15732745	15734245	79	18
Chr6	15876891	15878391	20	6
Chr6	16328395	16329895	20	14
Chr6	16582586	16584086	13	6
Chr6	17410745	17412245	41	25
Chr6	17631846	17633346	37	13
Chr6	17996701	17998201	87	14
Chr6	17996701	17998201	87	14
Chr6	18185738	18187238	21	4
Chr6	18185738	18187238	21	4
Chr6	19584908	19586408	30	12
Chr6	19745957	19747457	31	13
Chr6	19745957	19747457	31	13
Chr6	19745957	19747457	31	13
Chr6	19813078	19814578	16	14
Chr6	20250477	20251977	30	6
Chr6	20491774	20493274	61	20
Chr6	20491774	20493274	61	20
Chr6	20491774	20493274	61	20
Chr6	20582558	20584058	18	4
Chr6	20582558	20584058	18	4
Chr6	20592994	20594494	14	7
Chr6	20592994	20594494	14	7
Chr6	20622356	20623856	24	6
Chr6	20622356	20623856	24	6
Chr6	20940120	20941620	149	58
Chr6	20940120	20941620	149	58
Chr6	20998367	20999867	31	0
Chr6	21760304	21761804	47	16
Chr6	22259045	22260545	18	4
Chr6	22275042	22276542	68	18
Chr6	22664589	22666089	22	10
Chr6	22664589	22666089	22	10
Chr6	23112598	23114098	17	7
Chr6	23188567	23190067	15	2
Chr6	23302668	23304168	209	52
Chr6	23504577	23506077	108	24
Chr6	23776679	23778179	23	13
Chr6	24044291	24045791	29	4
Chr6	24044291	24045791	29	4
Chr6	24044291	24045791	29	4
Chr6	24126167	24127667	106	29
Chr6	24138349	24139849	59	15
Chr6	24378827	24380327	29	10
Chr6	24378827	24380327	29	10
Chr6	24383025	24384525	8	12
Chr6	24383025	24384525	8	12
Chr6	24405550	24407050	65	40
Chr6	24512049	24513549	91	14
Chr6	24512049	24513549	91	14
Chr6	24533298	24534798	20	9
Chr6	24981183	24982683	26	6
Chr6	24981183	24982683	26	6
Chr6	25689097	25690597	88	17
Chr6	25866747	25868247	61	11
Chr6	26021267	26022767	19	9
Chr6	26033857	26035357	29	8
Chr6	26059866	26061366	15	9
Chr6	26071378	26072878	52	12
Chr6	26081406	26082906	29	10
Chr6	26091516	26093016	24	6
Chr6	26098351	26099851	36	20
Chr6	26106776	26108276	52	20
Chr6	26144806	26146306	23	11
Chr6	26164097	26165597	26	13
Chr6	26314563	26316063	125	53
Chr6	26844276	26845776	120	22
Chr6	26844276	26845776	120	22
Chr6	26844276	26845776	120	22
Chr6	26949389	26950889	79	25
Chr6	27147692	27149192	31	10
Chr6	27368745	27370245	110	16
Chr6	27383222	27384722	157	28
Chr6	27604837	27606337	35	13
Chr6	27847756	27849256	35	20
Chr6	28036569	28038069	28	14
Chr6	28036569	28038069	28	14
Chr6	28285534	28287034	53	16
Chr6	28285534	28287034	53	16
Chr6	28285534	28287034	53	16
Chr6	28344310	28345810	73	14
Chr6	28667355	28668855	100	28
Chr6	28678459	28679959	27	7
Chr6	28984775	28986275	57	17
Chr6	29132001	29133501	46	18
Chr6	29132001	29133501	46	18
Chr6	29132001	29133501	46	18
Chr6	29136237	29137737	28	15
Chr6	29136237	29137737	28	15
Chr6	29136237	29137737	28	15
Chr6	29143888	29145388	26	19
Chr6	29143888	29145388	26	19
Chr6	29143888	29145388	26	19
Chr6	29157383	29158883	13	18
Chr6	29157383	29158883	13	18
Chr6	29157383	29158883	13	18
Chr6	29238057	29239557	72	18
Chr6	29236064	29237564	15	14
Chr6	29418862	29420362	26	12
Chr6	29536053	29537553	20	12
Chr6	29536053	29537553	20	12
Chr6	29540719	29542219	34	7
Chr6	29540719	29542219	34	7
Chr6	29677581	29679081	55	10
Chr6	29823343	29824843	83	32
Chr6	29823343	29824843	83	32
Chr6	29828475	29829975	26	9
Chr6	29828475	29829975	26	9
Chr6	29837283	29838783	83	14
Chr6	29837283	29838783	83	14
Chr6	30135547	30137047	34	10
Chr6	30182274	30183774	19	7
Chr6	30349534	30351034	91	12
Chr6	30519191	30520691	36	22
Chr6	30519191	30520691	36	22
Chr6	30825614	30827114	33	16
Chr6	30918362	30919862	19	5
Chr6	30918362	30919862	19	5
Chr6	30950970	30952470	25	16
Chr6	30956164	30957664	32	8
Chr6	31150345	31151845	83	22
Chr7	41657	43157	34	8
Chr7	41657	43157	34	8
Chr7	190044	191544	64	16
Chr7	463358	464858	30	10
Chr7	741931	743431	71	8
Chr7	1772059	1773559	72	20
Chr7	1772059	1773559	72	20
Chr7	2137729	2139229	1285	502
Chr7	2137729	2139229	1285	502
Chr7	2137729	2139229	1285	502
Chr7	2461577	2463077	31	15
Chr7	2487798	2489298	42	20
Chr7	2545427	2546927	652	169
Chr7	2545427	2546927	652	169
Chr7	2545427	2546927	652	169
Chr7	2600340	2601840	107	17
Chr7	2647373	2648873	36	14
Chr7	2647373	2648873	36	14
Chr7	2647373	2648873	36	14
Chr7	3427967	3429467	45	5
Chr7	3593393	3594893	259	51
Chr7	3667836	3669336	55	13
Chr7	3701287	3702787	27	10
Chr7	4138160	4139660	50	16
Chr7	4138160	4139660	50	16
Chr7	4820207	4821707	26	14
Chr7	4820207	4821707	26	14
Chr7	5101509	5103009	25	5
Chr7	5581400	5582900	30	6
Chr7	5802091	5803591	21	10
Chr7	5802091	5803591	21	10
Chr7	5813417	5814917	18	4
Chr7	5813417	5814917	18	4
Chr7	5821834	5823334	25	18
Chr7	5821834	5823334	25	18
Chr7	5827419	5828919	29	10
Chr7	5827419	5828919	29	10
Chr7	5858218	5859718	40	10
Chr7	6493465	6494965	46	14
Chr7	6573224	6574724	25	10
Chr7	6634903	6636403	29	13
Chr7	7620487	7621987	48	10
Chr7	7757379	7758879	30	14
Chr7	7757379	7758879	30	14
Chr7	7785773	7787273	45	12
Chr7	7814442	7815942	20	13
Chr7	7837764	7839264	22	10
Chr7	7899573	7901073	49	12
Chr7	7906484	7907984	31	12
Chr7	7910925	7912425	16	18
Chr7	8348930	8350430	32	15
Chr7	8495189	8496689	49	19
Chr7	9007999	9009499	26	15
Chr7	11274387	11275887	28	10
Chr7	11383290	11384790	16	11
Chr7	11478597	11480097	68	16
Chr7	11478597	11480097	68	16
Chr7	11791994	11793494	50	5
Chr7	11791994	11793494	50	5
Chr7	12923825	12925325	177	62
Chr7	13469399	13470899	13	16
Chr7	13746756	13748256	38	14
Chr7	13779839	13781339	40	14
Chr7	16022130	16023630	64	13
Chr7	16856192	16857692	184	14
Chr7	17208985	17210485	107	27
Chr7	17267665	17269165	71	18
Chr7	17489699	17491199	18	10
Chr7	17489699	17491199	18	10
Chr7	17489699	17491199	18	10
Chr7	17815192	17816692	10	6
Chr7	17944639	17946139	30	3
Chr7	17972962	17974462	2	0
Chr7	18032083	18033583	8	0
Chr7	18114751	18116251	18	25
Chr7	18125901	18127401	24	7
Chr7	18156303	18157803	20	16
Chr7	18202445	18203945	17	15
Chr7	18527508	18529008	16	5
Chr7	18554542	18556042	80	13
Chr7	18638179	18639679	107	26
Chr7	18659817	18661317	32	8
Chr7	19435899	19437399	30	12
Chr7	19657103	19658603	136	23
Chr7	20220077	20221577	31	8
Chr7	20728406	20729906	55	10
Chr7	20728406	20729906	55	10
Chr7	20728406	20729906	55	10
Chr7	20734847	20736347	53	6
Chr7	21151829	21153329	23	6
Chr7	21225411	21226911	13	9
Chr7	21240763	21242263	20	9
Chr7	21247332	21248832	21	5
Chr7	21282137	21283637	27	9
Chr7	21600223	21601723	57	15
Chr7	21613953	21615453	200	75
Chr7	21907993	21909493	37	12
Chr7	21914784	21916284	28	10
Chr7	21969341	21970841	27	16
Chr7	21988083	21989583	17	4
Chr7	22011613	22013113	18	7
Chr7	22018684	22020184	24	8
Chr7	22294809	22296309	83	18
Chr7	22317436	22318936	329	184
Chr7	22317436	22318936	329	184
Chr7	22372173	22373673	41	12
Chr7	22486421	22487921	5274	1156
Chr7	22486421	22487921	5274	1156
Chr7	22486421	22487921	5274	1156
Chr7	22486421	22487921	5274	1156
Chr7	22486421	22487921	5274	1156
Chr7	22486421	22487921	5274	1156
Chr7	22486421	22487921	5274	1156
Chr7	22486421	22487921	5274	1156
Chr7	22486421	22487921	5274	1156
Chr7	22486421	22487921	5274	1156
Chr7	22486421	22487921	5274	1156
Chr7	22730821	22732321	77	9
Chr7	22757191	22758691	36	7
Chr7	22806706	22808206	58	12
Chr7	23343089	23344589	46	2
Chr7	23356683	23358183	1684	615
Chr7	23356683	23358183	1684	615
Chr7	23356683	23358183	1684	615
Chr7	23356683	23358183	1684	615
Chr7	23356683	23358183	1684	615
Chr7	23356683	23358183	1684	615
Chr7	23430386	23431886	22	8
Chr7	23430386	23431886	22	8
Chr7	23581065	23582565	54	13
Chr7	23581065	23582565	54	13
Chr7	23585962	23587462	15	12
Chr7	23649525	23651025	133	22
Chr7	23934989	23936489	42	22
Chr7	23934989	23936489	42	22
Chr7	23943536	23945036	126	42
Chr7	24298363	24299863	97	16
Chr7	24719067	24720567	22	9
Chr7	24719067	24720567	22	9
Chr7	25254060	25255560	77	25
Chr7	25716760	25718260	62	15
Chr7	25740014	25741514	27	9
Chr7	25866212	25867712	41	13
Chr7	26076654	26078154	28	9
Chr7	26155506	26157006	33	18
Chr7	26210745	26212245	88	36
Chr7	26339128	26340628	29	8
Chr7	26354834	26356334	20	7
Chr7	26396495	26397995	30	22
Chr7	26396495	26397995	30	22
Chr7	26463176	26464676	21	6
Chr7	26463176	26464676	21	6
Chr7	26463176	26464676	21	6
Chr7	26470233	26471733	50	12
Chr7	26470233	26471733	50	12
Chr7	26672639	26674139	11	6
Chr7	27626239	27627739	23	8
Chr7	27947906	27949406	68	6
Chr7	28205287	28206787	31	16
Chr7	28253166	28254666	37	6
Chr7	28562461	28563961	28	13
Chr7	28709749	28711249	63	25
Chr7	28709749	28711249	63	25
Chr7	28709749	28711249	63	25
Chr7	28729105	28730605	61	19
Chr7	28729105	28730605	61	19
Chr7	28729105	28730605	61	19
Chr7	28854795	28856295	298	41
Chr7	29041797	29043297	48	21
Chr7	29041797	29043297	48	21
Chr7	29041797	29043297	48	21
Chr7	29080679	29082179	97	20
Chr7	29080679	29082179	97	20
Chr7	29178661	29180161	49	16
Chr7	29189282	29190782	18	8
Chr7	29189282	29190782	18	8
Chr7	29189282	29190782	18	8
Chr7	29199892	29201392	77	4
Chr7	29387041	29388541	30	10
Chr7	29530227	29531727	44	9
Chr7	29585997	29587497	124	39
Chr7	29615705	29617205	202	52
Chr7	29629560	29631060	32	11
Chr8	211951	213451	46	19
Chr8	289801	291301	39	8
Chr8	303556	305056	72	15
Chr8	307328	308828	37	16
Chr8	317965	319465	43	16
Chr8	667059	668559	44	6
Chr8	721365	722865	114	6
Chr8	855109	856609	34	7
Chr8	1074293	1075793	94	28
Chr8	1524295	1525795	80	12
Chr8	1748850	1750350	37	8
Chr8	1751707	1753207	29	6
Chr8	2107300	2108800	28	6
Chr8	2153469	2154969	50	8
Chr8	3084080	3085580	32	11
Chr8	3084080	3085580	32	11
Chr8	3189951	3191451	55	19
Chr8	3189951	3191451	55	19
Chr8	3392950	3394450	229	48
Chr8	3550161	3551661	21	14
Chr8	3624499	3625999	42	11
Chr8	3731441	3732941	167	40
Chr8	3731441	3732941	167	40
Chr8	3739161	3740661	77	22
Chr8	3739161	3740661	77	22
Chr8	4016920	4018420	33	2
Chr8	4058611	4060111	19	9
Chr8	5647293	5648793	31	8
Chr8	5647293	5648793	31	8
Chr8	5647293	5648793	31	8
Chr8	5647293	5648793	31	8
Chr8	5850147	5851647	27	9
Chr8	5850147	5851647	27	9
Chr8	7327254	7328754	17	6
Chr8	7552769	7554269	33	6
Chr8	8259097	8260597	38	12
Chr8	8326866	8328366	35	7
Chr8	8326866	8328366	35	7
Chr8	8326866	8328366	35	7
Chr8	8385299	8386799	18	6
Chr8	8385299	8386799	18	6
Chr8	8385299	8386799	18	6
Chr8	8487370	8488870	25	7
Chr8	8487370	8488870	25	7
Chr8	8487370	8488870	25	7
Chr8	8492861	8494361	10	8
Chr8	8492861	8494361	10	8
Chr8	8492861	8494361	10	8
Chr8	8836255	8837755	16	11
Chr8	10812833	10814333	321	84
Chr8	14396923	14398423	31	18
Chr8	14406206	14407706	21	17
Chr8	14406206	14407706	21	17
Chr8	15353219	15354719	232	13
Chr8	15353219	15354719	232	13
Chr8	15645440	15646940	24	6
Chr8	17540411	17541911	43	4
Chr8	17627667	17629167	44	7
Chr8	17627667	17629167	44	7
Chr8	18965838	18967338	56	18
Chr8	18992288	18993788	38	13
Chr8	19000057	19001557	20	5
Chr8	19291821	19293321	8	4
Chr8	19577770	19579270	108	26
Chr8	20191888	20193388	33	4
Chr8	20599431	20600931	14	14
Chr8	20815132	20816632	87	25
Chr8	20854162	20855662	35	14
Chr8	21020963	21022463	16	12
Chr8	21057061	21058561	41	18
Chr8	21172180	21173680	2428	942
Chr8	21172180	21173680	2428	942
Chr8	21172180	21173680	2428	942
Chr8	21172180	21173680	2428	942
Chr8	21172180	21173680	2428	942
Chr8	21239595	21241095	42	12
Chr8	21436235	21437735	136	16
Chr8	21465751	21467251	33	11
Chr8	21465751	21467251	33	11
Chr8	21465751	21467251	33	11
Chr8	21977068	21978568	26	13
Chr8	21983554	21985054	39	2
Chr8	22226987	22228487	73	17
Chr8	22370439	22371939	18	4
Chr8	22418114	22419614	25	14
Chr8	23749332	23750832	74	21
Chr8	23763246	23764746	23	10
Chr8	23763246	23764746	23	10
Chr8	23824633	23826133	125	26
Chr8	23824633	23826133	125	26
Chr8	23941237	23942737	189	42
Chr8	23941237	23942737	189	42
Chr8	23941237	23942737	189	42
Chr8	24052707	24054207	18	23
Chr8	24494188	24495688	17	4
Chr8	24704304	24705804	36	4
Chr8	24715313	24716813	17	12
Chr8	25110822	25112322	28	11
Chr8	25154158	25155658	30	8
Chr8	25353253	25354753	26	4
Chr8	25353253	25354753	26	4
Chr8	25353253	25354753	26	4
Chr8	25418884	25420384	42	10
Chr8	26152678	26154178	26	17
Chr8	26173014	26174514	64	16
Chr8	26270241	26271741	45	12
Chr8	26270241	26271741	45	12
Chr8	26728295	26729795	20	8
Chr8	26981655	26983155	28	4
Chr8	27358608	27360108	33	14
Chr8	27389839	27391339	21	12
Chr8	27510193	27511693	34	2
Chr8	27548673	27550173	82	16
Chr8	27558870	27560370	159	35
Chr8	28083798	28085298	1148	342
Chr8	28136549	28138049	33	13
Chr8	28136549	28138049	33	13
Chr8	28253509	28255009	74	19
Chr9	1504856	1506356	20	11
Chr9	2187034	2188534	108	18
Chr9	2187034	2188534	108	18
Chr9	2361785	2363285	81	22
Chr9	2706848	2708348	139	30
Chr9	3064071	3065571	54	25
Chr9	3854216	3855716	66	10
Chr9	3937911	3939411	73	18
Chr9	3937911	3939411	73	18
Chr9	3969052	3970552	36	10
Chr9	4778005	4779505	20	5
Chr9	5645023	5646523	20	1
Chr9	7184218	7185718	114	13
Chr9	7184218	7185718	114	13
Chr9	7184218	7185718	114	13
Chr9	7184218	7185718	114	13
Chr9	7184218	7185718	114	13
Chr9	7184218	7185718	114	13
Chr9	7184218	7185718	114	13
Chr9	7184218	7185718	114	13
Chr9	7184218	7185718	114	13
Chr9	7188540	7190040	29	12
Chr9	9633451	9634951	66	15
Chr9	9635409	9636909	28	9
Chr9	9649847	9651347	41	4
Chr9	9649847	9651347	41	4
Chr9	10844678	10846178	1604	355
Chr9	10844678	10846178	1604	355
Chr9	10844678	10846178	1604	355
Chr9	10844678	10846178	1604	355
Chr9	10844678	10846178	1604	355
Chr9	10844678	10846178	1604	355
Chr9	10844678	10846178	1604	355
Chr9	10844678	10846178	1604	355
Chr9	10844678	10846178	1604	355
Chr9	10844678	10846178	1604	355
Chr9	10844678	10846178	1604	355
Chr9	10877508	10879008	44	13
Chr9	11788182	11789682	71	22
Chr9	11804571	11806071	62	23
Chr9	12250875	12252375	81	26
Chr9	13009191	13010691	36	27
Chr9	13665487	13666987	135	31
Chr9	13665487	13666987	135	31
Chr9	13781942	13783442	48	15
Chr9	14028432	14029932	34	6
Chr9	14774451	14775951	14	8
Chr9	14866362	14867862	67	11
Chr9	15010337	15011837	75	10
Chr9	15010337	15011837	75	10
Chr9	15010337	15011837	75	10
Chr9	15026140	15027640	61	18
Chr9	15026140	15027640	61	18
Chr9	15026140	15027640	61	18
Chr9	15280268	15281768	31	10
Chr9	15593878	15595378	27	16
Chr9	15606092	15607592	20	17
Chr9	15615901	15617401	12	5
Chr9	15625178	15626678	13	3
Chr9	15751949	15753449	39	12
Chr9	15764945	15766445	54	20
Chr9	15923570	15925070	64	6
Chr9	16286916	16288416	62	8
Chr9	16286916	16288416	62	8
Chr9	16286916	16288416	62	8
Chr9	16286916	16288416	62	8
Chr9	16286916	16288416	62	8
Chr9	16355707	16357207	48	23
Chr9	16362789	16364289	17	11
Chr9	16386701	16388201	52	14
Chr9	16407574	16409074	30	17
Chr9	16424718	16426218	75	18
Chr9	16887117	16888617	18	13
Chr9	16924457	16925957	30	16
Chr9	16962593	16964093	69	10
Chr9	16995540	16997040	44	22
Chr9	17220426	17221926	163	28
Chr9	17653121	17654621	179	43
Chr9	17880819	17882319	204	60
Chr9	17880819	17882319	204	60
Chr9	18313734	18315234	62	16
Chr9	18320714	18322214	31	6
Chr9	18440076	18441576	57	13
Chr9	18990656	18992156	74	14
Chr9	18990656	18992156	74	14
Chr9	18990656	18992156	74	14
Chr9	19255469	19256969	16	12
Chr9	19255469	19256969	16	12
Chr9	19255469	19256969	16	12
Chr9	19437209	19438709	36	20
Chr9	19709766	19711266	24	4
Chr9	19960069	19961569	21	10
Chr9	20178714	20180214	41	9
Chr9	20195708	20197208	38	4
Chr9	20213376	20214876	28	4
Chr9	20221174	20222674	18	2
Chr9	20221174	20222674	18	2
Chr9	20227670	20229170	39	8
Chr9	20340005	20341505	32	5
Chr9	20496411	20497911	44	24
Chr9	20524971	20526471	94	3
Chr9	20594643	20596143	169	33
Chr9	20649493	20650993	233	97
Chr9	20750729	20752229	232	55
Chr9	20767633	20769133	62	28
Chr9	20773283	20774783	44	16
Chr9	20860471	20861971	33	10
Chr9	20866261	20867761	63	17
Chr9	20870608	20872108	37	18
Chr9	20889343	20890843	346	96
Chr9	20919308	20920808	36	12
Chr9	20967094	20968594	105	27
Chr9	21081479	21082979	35	9
Chr9	21190238	21191738	30	6
Chr9	21487133	21488633	86	15
Chr9	21641728	21643228	26	13
Chr9	21901714	21903214	15	14
Chr9	21901714	21903214	15	14
Chr9	21906637	21908137	18	10
Chr9	21906637	21908137	18	10
Chr9	22040188	22041688	62	15
Chr9	22735559	22737059	29	9
Chr9	22746357	22747857	24	14
Chr9	22752304	22753804	63	26
Chr9	22887092	22888592	42	12
Chr9	22901939	22903439	52	8
Chr10	66119	67619	48	19
Chr10	682827	684327	21	5
Chr10	682827	684327	21	5
Chr10	695299	696799	7	8
Chr10	695299	696799	7	8
Chr10	764812	766312	16	12
Chr10	764812	766312	16	12
Chr10	775847	777347	39	6
Chr10	775847	777347	39	6
Chr10	790739	792239	74	15
Chr10	790739	792239	74	15
Chr10	809301	810801	32	14
Chr10	809301	810801	32	14
Chr10	835753	837253	19	3
Chr10	835753	837253	19	3
Chr10	1096466	1097966	11	7
Chr10	1096466	1097966	11	7
Chr10	1096466	1097966	11	7
Chr10	1829877	1831377	26	15
Chr10	1834281	1835781	33	13
Chr10	2889281	2890781	146	27
Chr10	3851235	3852735	20	14
Chr10	4496746	4498246	20	9
Chr10	4598938	4600438	31	16
Chr10	4628293	4629793	24	11
Chr10	4945936	4947436	30	11
Chr10	5591902	5593402	3812	900
Chr10	5591902	5593402	3812	900
Chr10	8493248	8494748	18	7
Chr10	8678310	8679810	29	14
Chr10	8814242	8815742	15	12
Chr10	9336892	9338392	95	23
Chr10	9395000	9396500	35	6
Chr10	10088450	10089950	47	20
Chr10	10187139	10188639	21	8
Chr10	10485436	10486936	15	12
Chr10	11025550	11027050	9	10
Chr10	11057245	11058745	29	12
Chr10	11249877	11251377	66	11
Chr10	11608536	11610036	85	20
Chr10	11694539	11696039	43	7
Chr10	11694539	11696039	43	7
Chr10	11946165	11947665	39	5
Chr10	13159291	13160791	47	14
Chr10	13225658	13227158	40	14
Chr10	13503316	13504816	53	14
Chr10	13503316	13504816	53	14
Chr10	13822476	13823976	59	13
Chr10	13884724	13886224	92	29
Chr10	13884724	13886224	92	29
Chr10	14749675	14751175	71	18
Chr10	14749675	14751175	71	18
Chr10	15405354	15406854	38	14
Chr10	15672128	15673628	61	30
Chr10	15750894	15752394	30	7
Chr10	15750894	15752394	30	7
Chr10	15755391	15756891	28	4
Chr10	15755391	15756891	28	4
Chr10	15791967	15793467	30	18
Chr10	15799387	15800887	18	14
Chr10	15810518	15812018	46	9
Chr10	15902427	15903927	38	11
Chr10	15923497	15924997	112	16
Chr10	16024005	16025505	31	8
Chr10	16024005	16025505	31	8
Chr10	16774261	16775761	57	14
Chr10	17260952	17262452	34	10
Chr10	17373444	17374944	91	245
Chr10	17373444	17374944	91	245
Chr10	17414602	17416102	25	15
Chr10	17414602	17416102	25	15
Chr10	17793333	17794833	99	17
Chr10	17802723	17804223	90	22
Chr10	17848088	17849588	22	10
Chr10	17848088	17849588	22	10
Chr10	17848088	17849588	22	10
Chr10	17925819	17927319	14	12
Chr10	17999853	18001353	29	12
Chr10	18108264	18109764	39	6
Chr10	18539559	18541059	201	11
Chr10	18539559	18541059	201	11
Chr10	18700132	18701632	30	14
Chr10	18899290	18900790	4077	1001
Chr10	19162004	19163504	322	126
Chr10	19162004	19163504	322	126
Chr10	19619006	19620506	38	8
Chr10	19734541	19736041	28	11
Chr10	19956862	19958362	27	4
Chr10	20251168	20252668	200	58
Chr10	20262310	20263810	39	13
Chr10	20670799	20672299	29	12
Chr10	20670799	20672299	29	12
Chr10	20670799	20672299	29	12
Chr10	20743421	20744921	78	24
Chr10	20743421	20744921	78	24
Chr10	20798913	20800413	42	27
Chr10	20845283	20846783	38	12
Chr10	20845283	20846783	38	12
Chr10	20885352	20886852	50	18
Chr10	21060800	21062300	50	14
Chr10	21060800	21062300	50	14
Chr10	21125202	21126702	135	27
Chr10	21319189	21320689	36	5
Chr10	21319189	21320689	36	5
Chr10	21459279	21460779	125	23
Chr10	21472268	21473768	45	24
Chr10	21598739	21600239	37	17
Chr10	21710477	21711977	124	44
Chr10	21708777	21710277	13	21
Chr10	21761702	21763202	37	14
Chr10	21761702	21763202	37	14
Chr10	21982939	21984439	81	20
Chr10	21982939	21984439	81	20
Chr10	22035752	22037252	83	18
Chr10	22135928	22137428	52	16
Chr10	22297200	22298700	113	30
Chr10	22476706	22478206	78	20
Chr10	22486037	22487537	753	412
Chr10	22567902	22569402	89	13
Chr10	22765466	22766966	46	13
Chr10	23043693	23045193	68	9
Chr10	23061454	23062954	42	12
Chr10	23099312	23100812	83	19
Chr10	23099312	23100812	83	19
Chr10	23113698	23115198	78	26
Chr10	23113698	23115198	78	26
Chr10	23127998	23129498	34	16
Chr10	23127998	23129498	34	16
Chr10	23152760	23154260	102	8
Chr11	148605	150105	22	6
Chr11	203404	204904	27	6
Chr11	251286	252786	36	12
Chr11	421275	422775	38	14
Chr11	447425	448925	48	24
Chr11	447425	448925	48	24
Chr11	633195	634695	33	15
Chr11	633195	634695	33	15
Chr11	633195	634695	33	15
Chr11	1118742	1120242	46	8
Chr11	1127553	1129053	43	10
Chr11	1268314	1269814	41	18
Chr11	1268314	1269814	41	18
Chr11	1318205	1319705	22	6
Chr11	1602696	1604196	35	17
Chr11	1602696	1604196	35	17
Chr11	1602696	1604196	35	17
Chr11	1609631	1611131	23	18
Chr11	1950555	1952055	9	0
Chr11	2012371	2013871	238	37
Chr11	2012371	2013871	238	37
Chr11	2012371	2013871	238	37
Chr11	2207066	2208566	32	8
Chr11	2595488	2596988	21	8
Chr11	2787996	2789496	171	19
Chr11	2816601	2818101	108	23
Chr11	3531246	3532746	19	11
Chr11	4379785	4381285	22	12
Chr11	4417935	4419435	16	6
Chr11	4442164	4443664	31	8
Chr11	4442164	4443664	31	8
Chr11	4442164	4443664	31	8
Chr11	4442164	4443664	31	8
Chr11	4447642	4449142	26	10
Chr11	4447642	4449142	26	10
Chr11	4447642	4449142	26	10
Chr11	4447642	4449142	26	10
Chr11	4468853	4470353	14	12
Chr11	4468853	4470353	14	12
Chr11	4468853	4470353	14	12
Chr11	4468853	4470353	14	12
Chr11	4480154	4481654	38	16
Chr11	4480154	4481654	38	16
Chr11	4480154	4481654	38	16
Chr11	4654362	4655862	0	0
Chr11	5459201	5460701	63	21
Chr11	6073299	6074799	58	4
Chr11	7198052	7199552	29	13
Chr11	7198052	7199552	29	13
Chr11	7643120	7644620	124	42
Chr11	7658682	7660182	1386	490
Chr11	7658682	7660182	1386	490
Chr11	7658682	7660182	1386	490
Chr11	7658682	7660182	1386	490
Chr11	7658682	7660182	1386	490
Chr11	7658682	7660182	1386	490
Chr11	7658682	7660182	1386	490
Chr11	7658682	7660182	1386	490
Chr11	7658682	7660182	1386	490
Chr11	8091723	8093223	24	3
Chr11	8091723	8093223	24	3
Chr11	9198145	9199645	44	10
Chr11	9301576	9303076	16	8
Chr11	10095106	10096606	20	6
Chr11	10095106	10096606	20	6
Chr11	10132345	10133845	21	9
Chr11	10132345	10133845	21	9
Chr11	10184242	10185742	44	20
Chr11	10184242	10185742	44	20
Chr11	12854016	12855516	69	15
Chr11	13538169	13539669	29	14
Chr11	13538169	13539669	29	14
Chr11	13985428	13986928	47	14
Chr11	13985428	13986928	47	14
Chr11	13995456	13996956	56	9
Chr11	14515845	14517345	96	16
Chr11	15959876	15961376	57	24
Chr11	16942497	16943997	54	24
Chr11	16942497	16943997	54	24
Chr11	18102379	18103879	32	15
Chr11	18173978	18175478	25	10
Chr11	19674011	19675511	18	15
Chr11	19674011	19675511	18	15
Chr11	19674011	19675511	18	15
Chr11	20177405	20178905	105	34
Chr11	20737178	20738678	46	5
Chr11	21334334	21335834	20	10
Chr11	21789085	21790585	27	10
Chr11	22002368	22003868	58	16
Chr11	22039368	22040868	29	8
Chr11	22174256	22175756	17	4
Chr11	22230542	22232042	146	6
Chr11	22517611	22519111	102	13
Chr11	23127489	23128989	31	16
Chr11	23229112	23230612	31	2
Chr11	23557964	23559464	26	8
Chr11	24647047	24648547	46	21
Chr11	25020621	25022121	17	7
Chr11	25039876	25041376	26	5
Chr11	25161143	25162643	13	5
Chr11	25167246	25168746	14	6
Chr11	25167246	25168746	14	6
Chr11	25176321	25177821	29	14
Chr11	25539952	25541452	16	16
Chr11	25539952	25541452	16	16
Chr11	26530506	26532006	68	18
Chr11	27497202	27498702	60	7
Chr11	27497202	27498702	60	7
Chr11	28787737	28789237	100	10
Chr11	28803248	28804748	63	17
Chr11	28803248	28804748	63	17
Chr11	28803248	28804748	63	17
Chr11	28803248	28804748	63	17
Chr11	28842309	28843809	51	14
Chr11	28935840	28937340	90	35
Chr11	28935840	28937340	90	35
Chr11	28939407	28940907	22	6
Chr12	140620	142120	79	18
Chr12	229689	231189	44	10
Chr12	266486	267986	21	4
Chr12	468381	469881	35	10
Chr12	501761	503261	58	5
Chr12	501761	503261	58	5
Chr12	681769	683269	57	4
Chr12	681769	683269	57	4
Chr12	681769	683269	57	4
Chr12	1042533	1044033	27	6
Chr12	1051828	1053328	28	8
Chr12	1145995	1147495	8	6
Chr12	1145995	1147495	8	6
Chr12	1145995	1147495	8	6
Chr12	1201702	1203202	21	2
Chr12	1553888	1555388	58	20
Chr12	1553888	1555388	58	20
Chr12	1553888	1555388	58	20
Chr12	1561068	1562568	27	6
Chr12	1868478	1869978	13	8
Chr12	1914856	1916356	170	47
Chr12	1914856	1916356	170	47
Chr12	1914856	1916356	170	47
Chr12	2218991	2220491	68	24
Chr12	2652131	2653631	25	10
Chr12	2652131	2653631	25	10
Chr12	2815374	2816874	25	8
Chr12	2829044	2830544	70	10
Chr12	2829044	2830544	70	10
Chr12	3228644	3230144	48	6
Chr12	3576497	3577997	86	6
Chr12	3839737	3841237	30	18
Chr12	3959305	3960805	53	10
Chr12	3963501	3965001	30	6
Chr12	4162633	4164133	37	4
Chr12	4705847	4707347	72	11
Chr12	5386790	5388290	10	6
Chr12	5456579	5458079	32	19
Chr12	7101114	7102614	42	14
Chr12	7164805	7166305	24	10
Chr12	7164805	7166305	24	10
Chr12	7985161	7986661	100	25
Chr12	7985161	7986661	100	25
Chr12	7985161	7986661	100	25
Chr12	8826628	8828128	23	12
Chr12	8826628	8828128	23	12
Chr12	9581514	9583014	30	10
Chr12	10052411	10053911	20	12
Chr12	10081161	10082661	100	40
Chr12	11261563	11263063	115	68
Chr12	11319267	11320767	88	34
Chr12	11871134	11872634	38	13
Chr12	11871134	11872634	38	13
Chr12	14886908	14888408	64	18
Chr12	14892170	14893670	22	15
Chr12	17304826	17306326	40	8
Chr12	19143045	19144545	25	9
Chr12	19143045	19144545	25	9
Chr12	19512311	19513811	44	7
Chr12	19790983	19792483	40	14
Chr12	19851043	19852543	12	12
Chr12	19898138	19899638	42	10
Chr12	20004372	20005872	49	7
Chr12	20004372	20005872	49	7
Chr12	20017555	20019055	25	9
Chr12	22088434	22089934	27	0
Chr12	22088434	22089934	27	0
Chr12	22426685	22428185	45	12
Chr12	22426685	22428185	45	12
Chr12	22606815	22608315	42	22
Chr12	23035032	23036532	75	14
Chr12	23633672	23635172	84	17
Chr12	23888465	23889965	15	16
Chr12	23914274	23915774	119	11
Chr12	23914274	23915774	119	11
Chr12	23940923	23942423	42	10
Chr12	24036791	24038291	140	18
Chr12	24141613	24143113	46	14
Chr12	24141613	24143113	46	14
Chr12	24461501	24463001	93	16
Chr12	25103675	25105175	76	20
Chr12	25324549	25326049	54	18
Chr12	25445774	25447274	26	14
Chr12	25461589	25463089	39	13
Chr12	25507617	25509117	35	18
Chr12	25799944	25801444	26	5
Chr12	25799944	25801444	26	5
Chr12	25799944	25801444	26	5
Chr12	25963630	25965130	37	19
Chr12	26374151	26375651	32	6
Chr12	26437517	26439017	45	16
Chr12	26889754	26891254	73	20
Chr12	26901152	26902652	26	15
Chr12	27098851	27100351	46	16
Chr12	27350196	27351696	20	9
Chr12	27350196	27351696	20	9
Chr12	27360954	27362454	30	14
Chr12	27360954	27362454	30	14
Chr12	27452535	27454035	22	13
