Chr1	67125	68625	639	1296
Chr1	67125	68625	639	1296
Chr1	67125	68625	639	1296
Chr1	111263	112763	119	240
Chr1	140971	142471	103	235
Chr1	149306	150806	112	218
Chr1	155511	157011	396	612
Chr1	184133	185633	180	333
Chr1	204176	205676	103	209
Chr1	237317	238817	191	388
Chr1	274366	275866	109	207
Chr1	301815	303315	277	446
Chr1	506704	508204	66	127
Chr1	506704	508204	66	127
Chr1	598157	599657	168	340
Chr1	611824	613324	60	117
Chr1	611824	613324	60	117
Chr1	617265	618765	95	192
Chr1	706726	708226	118	198
Chr1	753698	755198	3466	4732
Chr1	897018	898518	534	784
Chr1	906642	908142	959	1627
Chr1	932512	934012	246	546
Chr1	953525	955025	75	136
Chr1	1010556	1012056	110	170
Chr1	1012865	1014365	66	117
Chr1	1080130	1081630	208	390
Chr1	1129051	1130551	1079	1297
Chr1	1157211	1158711	173	247
Chr1	1188017	1189517	591	731
Chr1	1197118	1198618	685	743
Chr1	1219637	1221137	154	289
Chr1	1248275	1249775	197	273
Chr1	1320904	1322404	148	309
Chr1	1364462	1365962	93	160
Chr1	1364462	1365962	93	160
Chr1	1432358	1433858	322	743
Chr1	1437167	1438667	157	263
Chr1	1440917	1442417	86	141
Chr1	1440917	1442417	86	141
Chr1	1468610	1470110	224	349
Chr1	1503960	1505460	279	510
Chr1	1533910	1535410	199	393
Chr1	1537025	1538525	73	100
Chr1	1552603	1554103	67	152
Chr1	1646647	1648147	248	363
Chr1	1691626	1693126	82	107
Chr1	1691626	1693126	82	107
Chr1	1695558	1697058	73	124
Chr1	1695558	1697058	73	124
Chr1	1702249	1703749	156	261
Chr1	1702249	1703749	156	261
Chr1	1704191	1705691	537	912
Chr1	1704191	1705691	537	912
Chr1	1748682	1750182	93	158
Chr1	1829390	1830890	667	1020
Chr1	1829390	1830890	667	1020
Chr1	1842568	1844068	68	115
Chr1	1846883	1848383	50	90
Chr1	1850530	1852030	41	83
Chr1	1854943	1856443	146	239
Chr1	1888408	1889908	192	359
Chr1	1936319	1937819	92	125
Chr1	1939959	1941459	149	241
Chr1	2046825	2048325	5282	4989
Chr1	2046825	2048325	5282	4989
Chr1	2046825	2048325	5282	4989
Chr1	2082311	2083811	288	418
Chr1	2195298	2196798	362	582
Chr1	2311305	2312805	254	438
Chr1	2315969	2317469	156	278
Chr1	2333238	2334738	464	751
Chr1	2425745	2427245	68	105
Chr1	2431557	2433057	473	644
Chr1	2436330	2437830	676	959
Chr1	2516105	2517605	111	122
Chr1	2516105	2517605	111	122
Chr1	2641328	2642828	2086	1961
Chr1	2819895	2821395	135	194
Chr1	2847348	2848848	358	500
Chr1	2851454	2852954	166	394
Chr1	2872465	2873965	421	762
Chr1	2872465	2873965	421	762
Chr1	2890037	2891537	69	136
Chr1	2931341	2932841	248	376
Chr1	2931341	2932841	248	376
Chr1	2931341	2932841	248	376
Chr1	2931341	2932841	248	376
Chr1	3034443	3035943	85	135
Chr1	3034443	3035943	85	135
Chr1	3085159	3086659	117	217
Chr1	3091827	3093327	113	219
Chr1	3102425	3103925	480	969
Chr1	3103588	3105088	109	193
Chr1	3107617	3109117	100	114
Chr1	3110694	3112194	95	143
Chr1	3239054	3240554	378	552
Chr1	3239054	3240554	378	552
Chr1	3271487	3272987	425	569
Chr1	3271487	3272987	425	569
Chr1	3306324	3307824	190	294
Chr1	3359338	3360838	90	180
Chr1	3394555	3396055	144	245
Chr1	3443457	3444957	1266	1244
Chr1	3443457	3444957	1266	1244
Chr1	3443457	3444957	1266	1244
Chr1	3443457	3444957	1266	1244
Chr1	3480488	3481988	299	345
Chr1	3480488	3481988	299	345
Chr1	3511475	3512975	79	90
Chr1	3793383	3794883	156	270
Chr1	3793383	3794883	156	270
Chr1	3830445	3831945	213	340
Chr1	3879861	3881361	395	523
Chr1	3879861	3881361	395	523
Chr1	3879861	3881361	395	523
Chr1	3887690	3889190	124	212
Chr1	3891580	3893080	87	141
Chr1	3908838	3910338	111	133
Chr1	3919543	3921043	121	173
Chr1	3919543	3921043	121	173
Chr1	3919543	3921043	121	173
Chr1	3993098	3994598	183	291
Chr1	4055207	4056707	72	121
Chr1	4104233	4105733	106	199
Chr1	4104233	4105733	106	199
Chr1	4165352	4166852	72	87
Chr1	4165352	4166852	72	87
Chr1	4165352	4166852	72	87
Chr1	4273594	4275094	79	127
Chr1	4275519	4277019	102	146
Chr1	4275519	4277019	102	146
Chr1	4290517	4292017	454	933
Chr1	4327981	4329481	387	676
Chr1	4393900	4395400	447	813
Chr1	4458166	4459666	1699	2533
Chr1	4460806	4462306	178	294
Chr1	4462924	4464424	111	183
Chr1	4466220	4467720	566	752
Chr1	4541168	4542668	817	958
Chr1	4541168	4542668	817	958
Chr1	4600261	4601761	87	138
Chr1	4610147	4611647	311	537
Chr1	4712674	4714174	861	1097
Chr1	4746456	4747956	201	256
Chr1	4912652	4914152	519	542
Chr1	4914576	4916076	305	582
Chr1	4928190	4929690	414	470
Chr1	5068145	5069645	238	438
Chr1	5068145	5069645	238	438
Chr1	5072105	5073605	201	281
Chr1	5143189	5144689	148	195
Chr1	5148226	5149726	202	401
Chr1	5237065	5238565	210	390
Chr1	5328111	5329611	61	121
Chr1	5328111	5329611	61	121
Chr1	5361009	5362509	99	188
Chr1	5361009	5362509	99	188
Chr1	5403318	5404818	152	264
Chr1	5447359	5448859	5442	5220
Chr1	5447359	5448859	5442	5220
Chr1	5504035	5505535	111	243
Chr1	5504035	5505535	111	243
Chr1	5504035	5505535	111	243
Chr1	5504035	5505535	111	243
Chr1	5547653	5549153	140	215
Chr1	5573310	5574810	244	285
Chr1	5579855	5581355	87	202
Chr1	5628156	5629656	134	232
Chr1	5628156	5629656	134	232
Chr1	5630495	5631995	94	111
Chr1	5726690	5728190	141	353
Chr1	5733234	5734734	74	104
Chr1	5850953	5852453	455	563
Chr1	5864707	5866207	96	134
Chr1	5864707	5866207	96	134
Chr1	6032254	6033754	107	206
Chr1	6129025	6130525	76	126
Chr1	6209000	6210500	70	165
Chr1	6362172	6363672	131	193
Chr1	6362172	6363672	131	193
Chr1	6388411	6389911	271	467
Chr1	6394864	6396364	104	208
Chr1	6430196	6431696	317	411
Chr1	6449594	6451094	147	239
Chr1	6519748	6521248	65	115
Chr1	6519748	6521248	65	115
Chr1	6578678	6580178	416	534
Chr1	6578678	6580178	416	534
Chr1	6578678	6580178	416	534
Chr1	6578678	6580178	416	534
Chr1	6578678	6580178	416	534
Chr1	6578678	6580178	416	534
Chr1	6611749	6613249	171	324
Chr1	6611749	6613249	171	324
Chr1	6611749	6613249	171	324
Chr1	6611749	6613249	171	324
Chr1	6611749	6613249	171	324
Chr1	6713752	6715252	686	879
Chr1	6727540	6729040	195	301
Chr1	6734382	6735882	168	222
Chr1	6734382	6735882	168	222
Chr1	6822211	6823711	1313	2122
Chr1	6822211	6823711	1313	2122
Chr1	6999317	7000817	197	313
Chr1	6999317	7000817	197	313
Chr1	7008570	7010070	130	235
Chr1	7008570	7010070	130	235
Chr1	7042863	7044363	1881	1774
Chr1	7096614	7098114	171	259
Chr1	7105381	7106881	226	319
Chr1	7160026	7161526	255	360
Chr1	7294246	7295746	109	189
Chr1	7507969	7509469	136	389
Chr1	7691938	7693438	384	349
Chr1	7840518	7842018	90	123
Chr1	7845602	7847102	135	211
Chr1	7880719	7882219	171	332
Chr1	7891590	7893090	112	151
Chr1	7897091	7898591	401	613
Chr1	7899379	7900879	233	390
Chr1	7901832	7903332	133	193
Chr1	7906173	7907673	1278	1825
Chr1	7963042	7964542	147	355
Chr1	7963042	7964542	147	355
Chr1	7968141	7969641	153	189
Chr1	7968141	7969641	153	189
Chr1	7978073	7979573	451	822
Chr1	7978073	7979573	451	822
Chr1	8005195	8006695	227	386
Chr1	8075573	8077073	502	752
Chr1	8097767	8099267	602	741
Chr1	8121339	8122839	99	210
Chr1	8226178	8227678	83	185
Chr1	8274850	8276350	60	93
Chr1	8326312	8327812	86	121
Chr1	8326312	8327812	86	121
Chr1	8349286	8350786	151	317
Chr1	8502234	8503734	97	155
Chr1	8526587	8528087	122	230
Chr1	8526587	8528087	122	230
Chr1	8548518	8550018	314	555
Chr1	8676659	8678159	77	140
Chr1	8676659	8678159	77	140
Chr1	8893428	8894928	100	214
Chr1	8893428	8894928	100	214
Chr1	8934960	8936460	7442	5841
Chr1	8934960	8936460	7442	5841
Chr1	8934960	8936460	7442	5841
Chr1	8934960	8936460	7442	5841
Chr1	8982541	8984041	861	1276
Chr1	8982541	8984041	861	1276
Chr1	9157450	9158950	115	161
Chr1	9181204	9182704	112	215
Chr1	9258605	9260105	186	340
Chr1	9258605	9260105	186	340
Chr1	9303828	9305328	183	236
Chr1	9358682	9360182	164	307
Chr1	9389542	9391042	68	94
Chr1	9389542	9391042	68	94
Chr1	9399664	9401164	56	124
Chr1	9399664	9401164	56	124
Chr1	9518108	9519608	111	128
Chr1	9886978	9888478	301	478
Chr1	10022876	10024376	74	143
Chr1	10158174	10159674	72	70
Chr1	10163952	10165452	52	96
Chr1	10213860	10215360	135	182
Chr1	10213860	10215360	135	182
Chr1	10213860	10215360	135	182
Chr1	10313548	10315048	88	156
Chr1	10428976	10430476	195	301
Chr1	10472799	10474299	976	1863
Chr1	10472799	10474299	976	1863
Chr1	10472799	10474299	976	1863
Chr1	10472799	10474299	976	1863
Chr1	10472799	10474299	976	1863
Chr1	10472799	10474299	976	1863
Chr1	10472799	10474299	976	1863
Chr1	10472799	10474299	976	1863
Chr1	10472799	10474299	976	1863
Chr1	10472799	10474299	976	1863
Chr1	10472799	10474299	976	1863
Chr1	10475459	10476959	1401	2215
Chr1	10475459	10476959	1401	2215
Chr1	10475459	10476959	1401	2215
Chr1	10475459	10476959	1401	2215
Chr1	10475459	10476959	1401	2215
Chr1	10475459	10476959	1401	2215
Chr1	10475459	10476959	1401	2215
Chr1	10475459	10476959	1401	2215
Chr1	10475459	10476959	1401	2215
Chr1	10475459	10476959	1401	2215
Chr1	10475459	10476959	1401	2215
Chr1	10477005	10478505	11359	8426
Chr1	10477005	10478505	11359	8426
Chr1	10477005	10478505	11359	8426
Chr1	10477005	10478505	11359	8426
Chr1	10477005	10478505	11359	8426
Chr1	10477005	10478505	11359	8426
Chr1	10477005	10478505	11359	8426
Chr1	10477005	10478505	11359	8426
Chr1	10477005	10478505	11359	8426
Chr1	10477005	10478505	11359	8426
Chr1	10477005	10478505	11359	8426
Chr1	10552715	10554215	85	121
Chr1	10624029	10625529	88	110
Chr1	10634971	10636471	67	142
Chr1	10653857	10655357	124	186
Chr1	10653857	10655357	124	186
Chr1	10653857	10655357	124	186
Chr1	10721197	10722697	3788	3944
Chr1	10721197	10722697	3788	3944
Chr1	10721197	10722697	3788	3944
Chr1	11215537	11217037	2377	2523
Chr1	11215537	11217037	2377	2523
Chr1	11215537	11217037	2377	2523
Chr1	11417779	11419279	140	297
Chr1	11420337	11421837	165	265
Chr1	11429222	11430722	103	127
Chr1	11531533	11533033	956	1329
Chr1	11574320	11575820	161	249
Chr1	11574320	11575820	161	249
Chr1	11574320	11575820	161	249
Chr1	11589151	11590651	59	91
Chr1	11604560	11606060	635	887
Chr1	11659876	11661376	160	182
Chr1	11659876	11661376	160	182
Chr1	11719470	11720970	48	67
Chr1	11719470	11720970	48	67
Chr1	11866450	11867950	73	114
Chr1	11908428	11909928	190	221
Chr1	11923266	11924766	422	606
Chr1	11978021	11979521	427	435
Chr1	12026084	12027584	123	217
Chr1	12058985	12060485	376	541
Chr1	12071741	12073241	109	139
Chr1	12071741	12073241	109	139
Chr1	12129907	12131407	85	106
Chr1	12129907	12131407	85	106
Chr1	12223500	12225000	787	1253
Chr1	12241126	12242626	90	161
Chr1	12245688	12247188	179	354
Chr1	12260419	12261919	93	176
Chr1	12373433	12374933	52	72
Chr1	12397869	12399369	116	117
Chr1	12708128	12709628	82	87
Chr1	12745148	12746648	115	192
Chr1	12866126	12867626	131	231
Chr1	13076926	13078426	103	219
Chr1	13364560	13366060	79	79
Chr1	13900331	13901831	77	126
Chr1	15972054	15973554	64	132
Chr1	16126381	16127881	185	346
Chr1	16215328	16216828	2	1
Chr1	16215328	16216828	2	1
Chr1	16218650	16220150	9	4
Chr1	16218650	16220150	9	4
Chr1	16221973	16223473	5	12
Chr1	16221973	16223473	5	12
Chr1	16709213	16710713	328	452
Chr1	16761986	16763486	73	80
Chr1	16776747	16778247	86	183
Chr1	16776747	16778247	86	183
Chr1	16850724	16852224	2130	2949
Chr1	17178302	17179802	106	178
Chr1	17178302	17179802	106	178
Chr1	17178302	17179802	106	178
Chr1	17178302	17179802	106	178
Chr1	17178302	17179802	106	178
Chr1	17178302	17179802	106	178
Chr1	17178302	17179802	106	178
Chr1	17186034	17187534	84	139
Chr1	17223842	17225342	138	216
Chr1	17299951	17301451	61	72
Chr1	17299951	17301451	61	72
Chr1	17302676	17304176	64	98
Chr1	17302676	17304176	64	98
Chr1	17305574	17307074	77	142
Chr1	17305574	17307074	77	142
Chr1	17642976	17644476	175	259
Chr1	17721341	17722841	76	150
Chr1	17765874	17767374	108	170
Chr1	17765874	17767374	108	170
Chr1	17816783	17818283	63	185
Chr1	17816783	17818283	63	185
Chr1	17816783	17818283	63	185
Chr1	17829920	17831420	84	158
Chr1	18541130	18542630	337	358
Chr1	18541130	18542630	337	358
Chr1	18739047	18740547	286	482
Chr1	18934329	18935829	112	203
Chr1	19433509	19435009	79	120
Chr1	19433509	19435009	79	120
Chr1	19453836	19455336	1401	2255
Chr1	19453836	19455336	1401	2255
Chr1	19471949	19473449	283	415
Chr1	19771045	19772545	88	170
Chr1	19782352	19783852	235	430
Chr1	19856437	19857937	86	179
Chr1	19986191	19987691	200	368
Chr1	20000263	20001763	76	152
Chr1	20000263	20001763	76	152
Chr1	20097522	20099022	161	221
Chr1	20100445	20101945	514	959
Chr1	20269607	20271107	98	110
Chr1	20280452	20281952	160	168
Chr1	20362448	20363948	150	314
Chr1	20396695	20398195	61	110
Chr1	20423410	20424910	71	231
Chr1	20423410	20424910	71	231
Chr1	20498950	20500450	57	72
Chr1	20513634	20515134	47	115
Chr1	20513634	20515134	47	115
Chr1	20763011	20764511	257	477
Chr1	20875699	20877199	154	310
Chr1	20948781	20950281	295	363
Chr1	20948781	20950281	295	363
Chr1	20948781	20950281	295	363
Chr1	21021384	21022884	60	95
Chr1	21116147	21117647	38	78
Chr1	21116147	21117647	38	78
Chr1	21116147	21117647	38	78
Chr1	21116147	21117647	38	78
Chr1	21194804	21196304	83	194
Chr1	21194804	21196304	83	194
Chr1	21252817	21254317	97	151
Chr1	21252817	21254317	97	151
Chr1	21259433	21260933	70	117
Chr1	21259433	21260933	70	117
Chr1	21315828	21317328	134	218
Chr1	21329263	21330763	124	198
Chr1	21338256	21339756	236	317
Chr1	21341721	21343221	105	134
Chr1	21369683	21371183	71	113
Chr1	21625700	21627200	2895	3172
Chr1	21625700	21627200	2895	3172
Chr1	21949738	21951238	54	86
Chr1	21967071	21968571	433	575
Chr1	21967071	21968571	433	575
Chr1	22056552	22058052	411	757
Chr1	22066473	22067973	67	92
Chr1	22066473	22067973	67	92
Chr1	22066473	22067973	67	92
Chr1	22066473	22067973	67	92
Chr1	22066473	22067973	67	92
Chr1	22066473	22067973	67	92
Chr1	22094126	22095626	322	615
Chr1	22381745	22383245	184	286
Chr1	22441717	22443217	422	550
Chr1	22451573	22453073	63	64
Chr1	22632882	22634382	121	256
Chr1	22698715	22700215	1976	3363
Chr1	22698715	22700215	1976	3363
Chr1	22698715	22700215	1976	3363
Chr1	22698715	22700215	1976	3363
Chr1	22698715	22700215	1976	3363
Chr1	22698715	22700215	1976	3363
Chr1	22725574	22727074	66	98
Chr1	22864119	22865619	74	99
Chr1	22983859	22985359	130	355
Chr1	22983859	22985359	130	355
Chr1	22999296	23000796	96	142
Chr1	22999296	23000796	96	142
Chr1	23018779	23020279	135	316
Chr1	23081170	23082670	148	229
Chr1	23089243	23090743	75	159
Chr1	23217416	23218916	64	148
Chr1	23217416	23218916	64	148
Chr1	23217416	23218916	64	148
Chr1	23330676	23332176	71	65
Chr1	23330676	23332176	71	65
Chr1	23367910	23369410	99	242
Chr1	23392351	23393851	189	289
Chr1	23400867	23402367	87	121
Chr1	23617378	23618878	271	555
Chr1	23967779	23969279	76	141
Chr1	24096913	24098413	1269	2351
Chr1	24096913	24098413	1269	2351
Chr1	24108542	24110042	167	261
Chr1	24256216	24257716	94	130
Chr1	24256216	24257716	94	130
Chr1	24256216	24257716	94	130
Chr1	24375346	24376846	73	124
Chr1	24375346	24376846	73	124
Chr1	24523664	24525164	79	111
Chr1	24676154	24677654	268	480
Chr1	24691894	24693394	137	268
Chr1	24733162	24734662	102	153
Chr1	24747195	24748695	131	230
Chr1	24775484	24776984	77	147
Chr1	24893715	24895215	90	171
Chr1	25048924	25050424	309	689
Chr1	25196589	25198089	154	234
Chr1	25196589	25198089	154	234
Chr1	25275294	25276794	243	484
Chr1	25330879	25332379	60	170
Chr1	25485962	25487462	196	417
Chr1	25710407	25711907	10160	8122
Chr1	25710407	25711907	10160	8122
Chr1	25710407	25711907	10160	8122
Chr1	25710407	25711907	10160	8122
Chr1	25745736	25747236	279	415
Chr1	25745736	25747236	279	415
Chr1	25879323	25880823	309	613
Chr1	25879323	25880823	309	613
Chr1	25910608	25912108	151	221
Chr1	25917314	25918814	87	175
Chr1	25917314	25918814	87	175
Chr1	26068882	26070382	114	187
Chr1	26121139	26122639	259	514
Chr1	26140836	26142336	692	745
Chr1	26140836	26142336	692	745
Chr1	26265609	26267109	186	310
Chr1	26299972	26301472	177	385
Chr1	26299972	26301472	177	385
Chr1	26308628	26310128	76	118
Chr1	26308628	26310128	76	118
Chr1	26315027	26316527	202	342
Chr1	26315027	26316527	202	342
Chr1	26414730	26416230	263	337
Chr1	26554846	26556346	156	269
Chr1	26568229	26569729	108	150
Chr1	26568229	26569729	108	150
Chr1	26603855	26605355	75	108
Chr1	26894302	26895802	144	163
Chr1	26919599	26921099	136	211
Chr1	26935325	26936825	158	286
Chr1	26938567	26940067	167	326
Chr1	26946765	26948265	49	75
Chr1	27007676	27009176	142	238
Chr1	27075140	27076640	295	464
Chr1	27075140	27076640	295	464
Chr1	27075140	27076640	295	464
Chr1	27131097	27132597	136	234
Chr1	27131097	27132597	136	234
Chr1	27133168	27134668	132	190
Chr1	27133168	27134668	132	190
Chr1	27136181	27137681	131	236
Chr1	27136181	27137681	131	236
Chr1	27140814	27142314	103	163
Chr1	27140814	27142314	103	163
Chr1	27214165	27215665	263	331
Chr1	27316169	27317669	103	286
Chr1	27387774	27389274	177	328
Chr1	27445236	27446736	72	135
Chr1	27461995	27463495	262	508
Chr1	27496378	27497878	145	294
Chr1	27496378	27497878	145	294
Chr1	27520944	27522444	97	121
Chr1	27713948	27715448	210	393
Chr1	27778166	27779666	5486	4757
Chr1	27778166	27779666	5486	4757
Chr1	27852476	27853976	144	419
Chr1	27854699	27856199	63	120
Chr1	27939690	27941190	118	209
Chr1	27946609	27948109	263	503
Chr1	27974179	27975679	393	692
Chr1	27990165	27991665	925	2203
Chr1	27996242	27997742	70	117
Chr1	28012309	28013809	94	145
Chr1	28015045	28016545	128	187
Chr1	28029521	28031021	73	157
Chr1	28029521	28031021	73	157
Chr1	28040191	28041691	232	344
Chr1	28132210	28133710	212	280
Chr1	28132210	28133710	212	280
Chr1	28132210	28133710	212	280
Chr1	28132210	28133710	212	280
Chr1	28132210	28133710	212	280
Chr1	28132210	28133710	212	280
Chr1	28218301	28219801	574	1101
Chr1	28232331	28233831	566	900
Chr1	28232331	28233831	566	900
Chr1	28548919	28550419	997	1081
Chr1	28554268	28555768	1588	2283
Chr1	28646212	28647712	304	582
Chr1	28649984	28651484	97	138
Chr1	28673434	28674934	114	171
Chr1	28673434	28674934	114	171
Chr1	28673434	28674934	114	171
Chr1	28722021	28723521	88	158
Chr1	28728132	28729632	150	322
Chr1	28728132	28729632	150	322
Chr1	28728132	28729632	150	322
Chr1	28728132	28729632	150	322
Chr1	28728132	28729632	150	322
Chr1	28728132	28729632	150	322
Chr1	28728132	28729632	150	322
Chr1	28728132	28729632	150	322
Chr1	28728132	28729632	150	322
Chr1	29026457	29027957	140	229
Chr1	29064037	29065537	65	126
Chr1	29083785	29085285	154	275
Chr1	29083785	29085285	154	275
Chr1	29116542	29118042	446	567
Chr1	29267487	29268987	56	115
Chr1	29372889	29374389	63	109
Chr1	29423875	29425375	220	375
Chr1	29426681	29428181	133	259
Chr1	29436071	29437571	347	672
Chr1	29451917	29453417	334	580
Chr1	29458900	29460400	234	467
Chr1	29460671	29462171	231	383
Chr1	29499182	29500682	109	193
Chr1	29499182	29500682	109	193
Chr1	29548324	29549824	190	390
Chr1	29598349	29599849	281	443
Chr1	29598349	29599849	281	443
Chr1	29683661	29685161	82	68
Chr1	29785495	29786995	125	140
Chr1	29909488	29910988	143	164
Chr1	29918734	29920234	256	322
Chr1	29943102	29944602	72	144
Chr1	29952190	29953690	105	214
Chr1	29965295	29966795	422	656
Chr1	30026943	30028443	202	270
Chr1	30043746	30045246	106	184
Chr1	30053436	30054936	168	310
Chr1	30062244	30063744	83	170
Chr1	30062244	30063744	83	170
Chr1	30062244	30063744	83	170
Chr1	30067047	30068547	99	149
Chr1	30067047	30068547	99	149
Chr1	30067047	30068547	99	149
Chr1	30145611	30147111	101	113
Chr1	30145611	30147111	101	113
Chr1	30155213	30156713	132	317
Chr1	30155213	30156713	132	317
Chr1	30212705	30214205	26	65
Chr1	30212705	30214205	26	65
Chr1	30271849	30273349	176	285
Chr2	232006	233506	94	172
Chr2	257050	258550	182	264
Chr2	267818	269318	114	242
Chr2	281623	283123	94	162
Chr2	384199	385699	140	178
Chr2	478101	479601	103	144
Chr2	478101	479601	103	144
Chr2	486423	487923	74	155
Chr2	486423	487923	74	155
Chr2	700946	702446	131	256
Chr2	772684	774184	131	232
Chr2	798943	800443	282	411
Chr2	800530	802030	467	639
Chr2	867359	868859	132	325
Chr2	918143	919643	94	134
Chr2	918143	919643	94	134
Chr2	992756	994256	57	138
Chr2	1027292	1028792	77	134
Chr2	1027292	1028792	77	134
Chr2	1049842	1051342	84	220
Chr2	1180537	1182037	115	160
Chr2	1180537	1182037	115	160
Chr2	1708365	1709865	92	200
Chr2	1708365	1709865	92	200
Chr2	1722104	1723604	97	155
Chr2	1799892	1801392	4774	4598
Chr2	1799892	1801392	4774	4598
Chr2	1799892	1801392	4774	4598
Chr2	1799892	1801392	4774	4598
Chr2	1799892	1801392	4774	4598
Chr2	1799892	1801392	4774	4598
Chr2	1799892	1801392	4774	4598
Chr2	1799892	1801392	4774	4598
Chr2	1799892	1801392	4774	4598
Chr2	1799892	1801392	4774	4598
Chr2	1799892	1801392	4774	4598
Chr2	1823925	1825425	5862	4890
Chr2	1823925	1825425	5862	4890
Chr2	1823925	1825425	5862	4890
Chr2	1823925	1825425	5862	4890
Chr2	1823925	1825425	5862	4890
Chr2	1823925	1825425	5862	4890
Chr2	1823925	1825425	5862	4890
Chr2	1823925	1825425	5862	4890
Chr2	1823925	1825425	5862	4890
Chr2	1823925	1825425	5862	4890
Chr2	1823925	1825425	5862	4890
Chr2	2198219	2199719	211	278
Chr2	2216659	2218159	190	369
Chr2	2271729	2273229	241	401
Chr2	2288807	2290307	260	412
Chr2	2347136	2348636	64	84
Chr2	2589953	2591453	76	193
Chr2	2762526	2764026	199	249
Chr2	2762526	2764026	199	249
Chr2	2762526	2764026	199	249
Chr2	2910698	2912198	56	64
Chr2	2983102	2984602	85	179
Chr2	4110198	4111698	85	88
Chr2	5670493	5671993	81	127
Chr2	5670493	5671993	81	127
Chr2	6243781	6245281	59	88
Chr2	6243781	6245281	59	88
Chr2	6243781	6245281	59	88
Chr2	6389128	6390628	124	262
Chr2	6744330	6745830	51	110
Chr2	6746536	6748036	19	49
Chr2	6746536	6748036	19	49
Chr2	6749934	6751434	24	19
Chr2	6749934	6751434	24	19
Chr2	6753330	6754830	26	24
Chr2	6753330	6754830	26	24
Chr2	6757681	6759181	193	351
Chr2	6760635	6762135	98	152
Chr2	6997941	6999441	42	104
Chr2	6997941	6999441	42	104
Chr2	7001322	7002822	78	151
Chr2	7001322	7002822	78	151
Chr2	7037826	7039326	104	193
Chr2	7243608	7245108	232	457
Chr2	7256080	7257580	153	261
Chr2	7489676	7491176	199	340
Chr2	7503756	7505256	47	111
Chr2	7554630	7556130	99	157
Chr2	7849803	7851303	56	111
Chr2	7849803	7851303	56	111
Chr2	7849803	7851303	56	111
Chr2	7954239	7955739	404	768
Chr2	8010755	8012255	53	120
Chr2	8079503	8081003	163	357
Chr2	8143912	8145412	94	139
Chr2	8143912	8145412	94	139
Chr2	8143912	8145412	94	139
Chr2	8408512	8410012	45	64
Chr2	8477002	8478502	157	208
Chr2	8549313	8550813	283	327
Chr2	8759722	8761222	141	167
Chr2	8843160	8844660	108	172
Chr2	8846811	8848311	80	129
Chr2	8849510	8851010	142	258
Chr2	8913034	8914534	2161	1099
Chr2	8948913	8950413	204	248
Chr2	8948913	8950413	204	248
Chr2	8956793	8958293	82	94
Chr2	8984973	8986473	214	334
Chr2	9125263	9126763	79	108
Chr2	9283837	9285337	51	102
Chr2	9382602	9384102	85	87
Chr2	9382602	9384102	85	87
Chr2	9436044	9437544	293	399
Chr2	9508017	9509517	101	121
Chr2	9508017	9509517	101	121
Chr2	9691654	9693154	116	144
Chr2	9806200	9807700	67	121
Chr2	9898625	9900125	76	123
Chr2	9900939	9902439	83	113
Chr2	9923933	9925433	241	485
Chr2	10243886	10245386	278	464
Chr2	10243886	10245386	278	464
Chr2	10280847	10282347	185	325
Chr2	10366402	10367902	119	223
Chr2	10372563	10374063	104	215
Chr2	10386125	10387625	91	125
Chr2	10386125	10387625	91	125
Chr2	10386125	10387625	91	125
Chr2	10438798	10440298	236	415
Chr2	10520049	10521549	56	72
Chr2	10525340	10526840	64	125
Chr2	10565898	10567398	5591	4661
Chr2	10565898	10567398	5591	4661
Chr2	10565898	10567398	5591	4661
Chr2	10565898	10567398	5591	4661
Chr2	10672153	10673653	158	291
Chr2	10672153	10673653	158	291
Chr2	10672153	10673653	158	291
Chr2	10683135	10684635	472	444
Chr2	10701652	10703152	99	188
Chr2	10821370	10822870	151	197
Chr2	10834983	10836483	858	1425
Chr2	10871577	10873077	79	127
Chr2	10904745	10906245	160	218
Chr2	11011506	11013006	85	169
Chr2	11040331	11041831	228	282
Chr2	11094904	11096404	117	216
Chr2	11113328	11114828	203	330
Chr2	11134682	11136182	131	177
Chr2	11144603	11146103	82	114
Chr2	11193759	11195259	63	108
Chr2	11222713	11224213	83	161
Chr2	11246383	11247883	152	291
Chr2	11250120	11251620	126	206
Chr2	11262963	11264463	163	235
Chr2	11315412	11316912	212	505
Chr2	11326335	11327835	70	106
Chr2	11326335	11327835	70	106
Chr2	11350493	11351993	83	134
Chr2	11350493	11351993	83	134
Chr2	11400329	11401829	182	1025
Chr2	11400329	11401829	182	1025
Chr2	11450739	11452239	72	112
Chr2	11477444	11478944	187	366
Chr2	11477444	11478944	187	366
Chr2	11477444	11478944	187	366
Chr2	11477444	11478944	187	366
Chr2	11518234	11519734	137	211
Chr2	11518234	11519734	137	211
Chr2	11518234	11519734	137	211
Chr2	11531004	11532504	141	262
Chr2	11753528	11755028	598	782
Chr2	11786033	11787533	48	98
Chr2	11786033	11787533	48	98
Chr2	11962793	11964293	135	313
Chr2	12080113	12081613	100	218
Chr2	12135680	12137180	90	153
Chr2	12248679	12250179	97	151
Chr2	12423303	12424803	182	337
Chr2	12428230	12429730	168	268
Chr2	12433095	12434595	375	499
Chr2	12433095	12434595	375	499
Chr2	12480744	12482244	37	91
Chr2	12483843	12485343	121	228
Chr2	12504412	12505912	82	163
Chr2	12510052	12511552	346	627
Chr2	12515395	12516895	429	697
Chr2	12665935	12667435	350	614
Chr2	12711884	12713384	189	321
Chr2	12711884	12713384	189	321
Chr2	12784553	12786053	70	116
Chr2	12820710	12822210	746	1149
Chr2	12871134	12872634	199	349
Chr2	12938334	12939834	378	629
Chr2	12938334	12939834	378	629
Chr2	12938334	12939834	378	629
Chr2	12999964	13001464	458	945
Chr2	13023708	13025208	176	248
Chr2	13100913	13102413	62	133
Chr2	13111511	13113011	90	159
Chr2	13119590	13121090	329	533
Chr2	13119590	13121090	329	533
Chr2	13119590	13121090	329	533
Chr2	13287676	13289176	128	179
Chr2	13292986	13294486	138	232
Chr2	13321026	13322526	72	143
Chr2	13321026	13322526	72	143
Chr2	13373106	13374606	248	322
Chr2	13380910	13382410	384	769
Chr2	13380910	13382410	384	769
Chr2	13496233	13497733	209	406
Chr2	13496233	13497733	209	406
Chr2	13517211	13518711	115	212
Chr2	13517211	13518711	115	212
Chr2	13653421	13654921	94	162
Chr2	13653421	13654921	94	162
Chr2	13690655	13692155	198	341
Chr2	13731247	13732747	78	96
Chr2	13751433	13752933	191	377
Chr2	13756353	13757853	111	208
Chr2	13799439	13800939	347	504
Chr2	13808216	13809716	180	321
Chr2	13813686	13815186	185	396
Chr2	13823794	13825294	611	683
Chr2	13835234	13836734	72	172
Chr2	13839744	13841244	88	135
Chr2	13976933	13978433	98	225
Chr2	14039544	14041044	83	158
Chr2	14050640	14052140	334	834
Chr2	14052404	14053904	59	63
Chr2	14052404	14053904	59	63
Chr2	14105410	14106910	113	304
Chr2	14138798	14140298	148	240
Chr2	14248608	14250108	113	152
Chr2	14248608	14250108	113	152
Chr2	14252424	14253924	694	856
Chr2	14274800	14276300	96	140
Chr2	14394358	14395858	80	169
Chr2	14431769	14433269	150	291
Chr2	14431769	14433269	150	291
Chr2	14431769	14433269	150	291
Chr2	14476930	14478430	184	220
Chr2	14523068	14524568	3836	5774
Chr2	14523068	14524568	3836	5774
Chr2	14523068	14524568	3836	5774
Chr2	14523068	14524568	3836	5774
Chr2	14523068	14524568	3836	5774
Chr2	14523068	14524568	3836	5774
Chr2	14523068	14524568	3836	5774
Chr2	14523068	14524568	3836	5774
Chr2	14523068	14524568	3836	5774
Chr2	14523068	14524568	3836	5774
Chr2	14523068	14524568	3836	5774
Chr2	14523756	14525256	3501	4109
Chr2	14523756	14525256	3501	4109
Chr2	14523756	14525256	3501	4109
Chr2	14523756	14525256	3501	4109
Chr2	14523756	14525256	3501	4109
Chr2	14523756	14525256	3501	4109
Chr2	14523756	14525256	3501	4109
Chr2	14523756	14525256	3501	4109
Chr2	14523756	14525256	3501	4109
Chr2	14523756	14525256	3501	4109
Chr2	14523756	14525256	3501	4109
Chr2	14664667	14666167	1109	970
Chr2	14745461	14746961	150	289
Chr2	14762577	14764077	82	168
Chr2	14848536	14850036	2802	4199
Chr2	14848536	14850036	2802	4199
Chr2	15043045	15044545	294	411
Chr2	15111084	15112584	97	159
Chr2	15411538	15413038	66	198
Chr2	15416266	15417766	652	1134
Chr2	15418654	15420154	166	437
Chr2	15444425	15445925	271	388
Chr2	15474181	15475681	281	460
Chr2	15474181	15475681	281	460
Chr2	15528006	15529506	295	482
Chr2	15626440	15627940	60	108
Chr2	15666579	15668079	127	244
Chr2	15666579	15668079	127	244
Chr2	15789353	15790853	97	208
Chr2	15789353	15790853	97	208
Chr2	15791623	15793123	191	311
Chr2	15824038	15825538	92	118
Chr2	15865908	15867408	110	169
Chr2	15865908	15867408	110	169
Chr2	15943711	15945211	269	367
Chr2	16014253	16015753	287	292
Chr2	16041883	16043383	839	1086
Chr2	16049063	16050563	308	471
Chr2	16111297	16112797	183	324
Chr2	16114785	16116285	92	211
Chr2	16114785	16116285	92	211
Chr2	16114785	16116285	92	211
Chr2	16151505	16153005	72	108
Chr2	16165296	16166796	182	229
Chr2	16264399	16265899	168	276
Chr2	16307752	16309252	62	88
Chr2	16318664	16320164	88	158
Chr2	16348968	16350468	257	331
Chr2	16520978	16522478	61	88
Chr2	16520978	16522478	61	88
Chr2	16526512	16528012	125	177
Chr2	16530688	16532188	418	848
Chr2	16545084	16546584	63	137
Chr2	16545084	16546584	63	137
Chr2	16573048	16574548	404	540
Chr2	16573048	16574548	404	540
Chr2	16581904	16583404	124	257
Chr2	16701528	16703028	311	639
Chr2	16744653	16746153	239	406
Chr2	16744653	16746153	239	406
Chr2	16771073	16772573	153	319
Chr2	16827898	16829398	86	173
Chr2	16833065	16834565	125	209
Chr2	16833065	16834565	125	209
Chr2	16845434	16846934	232	386
Chr2	16849987	16851487	240	250
Chr2	16849987	16851487	240	250
Chr2	16851568	16853068	107	132
Chr2	16851568	16853068	107	132
Chr2	16876223	16877723	71	98
Chr2	16895907	16897407	490	664
Chr2	16895907	16897407	490	664
Chr2	16950057	16951557	263	404
Chr2	16950057	16951557	263	404
Chr2	16969230	16970730	396	704
Chr2	16969230	16970730	396	704
Chr2	16986269	16987769	128	206
Chr2	16986269	16987769	128	206
Chr2	17060152	17061652	102	256
Chr2	17086797	17088297	221	330
Chr2	17131853	17133353	111	181
Chr2	17134721	17136221	292	474
Chr2	17136829	17138329	708	977
Chr2	17139229	17140729	370	671
Chr2	17160636	17162136	430	646
Chr2	17220933	17222433	153	467
Chr2	17220933	17222433	153	467
Chr2	17220933	17222433	153	467
Chr2	17239940	17241440	101	185
Chr2	17380723	17382223	69	116
Chr2	17395610	17397110	264	404
Chr2	17463661	17465161	92	177
Chr2	17463661	17465161	92	177
Chr2	17489405	17490905	628	1106
Chr2	17601349	17602849	128	178
Chr2	17733467	17734967	732	751
Chr2	17901484	17902984	110	161
Chr2	17914370	17915870	95	195
Chr2	17957230	17958730	237	272
Chr2	17999854	18001354	412	806
Chr2	17999854	18001354	412	806
Chr2	18144721	18146221	114	179
Chr2	18151227	18152727	106	238
Chr2	18151227	18152727	106	238
Chr2	18156638	18158138	92	147
Chr2	18156638	18158138	92	147
Chr2	18163928	18165428	66	171
Chr2	18163928	18165428	66	171
Chr2	18167764	18169264	78	119
Chr2	18167764	18169264	78	119
Chr2	18172034	18173534	106	145
Chr2	18172034	18173534	106	145
Chr2	18175924	18177424	143	316
Chr2	18175924	18177424	143	316
Chr2	18504239	18505739	91	138
Chr2	18645947	18647447	218	370
Chr2	18696157	18697657	132	173
Chr2	18748575	18750075	142	314
Chr2	18775154	18776654	63	120
Chr2	18778010	18779510	96	201
Chr2	18781458	18782958	85	170
Chr2	18783847	18785347	126	217
Chr2	18794926	18796426	355	498
Chr2	18832364	18833864	265	447
Chr2	18841539	18843039	278	421
Chr2	18893074	18894574	294	526
Chr2	18978471	18979971	428	693
Chr2	19026913	19028413	300	482
Chr2	19077886	19079386	167	254
Chr2	19222416	19223916	122	234
Chr2	19231649	19233149	1280	1556
Chr2	19282519	19284019	150	279
Chr2	19325897	19327397	73	67
Chr2	19329697	19331197	56	95
Chr2	19406584	19408084	299	552
Chr2	19471681	19473181	1379	2186
Chr2	19475337	19476837	159	326
Chr2	19507980	19509480	160	221
Chr2	19643100	19644600	682	690
Chr2	19643100	19644600	682	690
Chr3	3342	4842	84	117
Chr3	7957	9457	187	291
Chr3	26991	28491	78	141
Chr3	34097	35597	132	234
Chr3	34097	35597	132	234
Chr3	34097	35597	132	234
Chr3	47796	49296	134	143
Chr3	65345	66845	144	233
Chr3	84601	86101	131	242
Chr3	93085	94585	145	266
Chr3	134024	135524	56	110
Chr3	134024	135524	56	110
Chr3	225011	226511	134	268
Chr3	225011	226511	134	268
Chr3	336965	338465	137	221
Chr3	336965	338465	137	221
Chr3	369984	371484	86	165
Chr3	457412	458912	95	160
Chr3	476092	477592	246	397
Chr3	476092	477592	246	397
Chr3	478006	479506	290	447
Chr3	488193	489693	1097	1797
Chr3	488193	489693	1097	1797
Chr3	488193	489693	1097	1797
Chr3	488193	489693	1097	1797
Chr3	527813	529313	106	192
Chr3	596020	597520	264	410
Chr3	610485	611985	64	117
Chr3	660873	662373	81	104
Chr3	672472	673972	149	283
Chr3	686052	687552	189	316
Chr3	704269	705769	107	155
Chr3	704269	705769	107	155
Chr3	738027	739527	213	284
Chr3	743547	745047	93	211
Chr3	743547	745047	93	211
Chr3	820906	822406	157	321
Chr3	862852	864352	71	152
Chr3	862852	864352	71	152
Chr3	1054663	1056163	132	277
Chr3	1054663	1056163	132	277
Chr3	1062603	1064103	252	324
Chr3	1076328	1077828	257	459
Chr3	1079950	1081450	508	756
Chr3	1237993	1239493	140	188
Chr3	1411303	1412803	84	186
Chr3	1439073	1440573	197	362
Chr3	1439073	1440573	197	362
Chr3	1456650	1458150	209	484
Chr3	1462442	1463942	152	335
Chr3	1547800	1549300	109	165
Chr3	1548586	1550086	96	173
Chr3	1582047	1583547	108	219
Chr3	1627673	1629173	68	91
Chr3	1631266	1632766	151	314
Chr3	1634200	1635700	432	644
Chr3	1642753	1644253	273	374
Chr3	1767120	1768620	458	554
Chr3	1822340	1823840	165	266
Chr3	2152864	2154364	105	169
Chr3	2236958	2238458	73	76
Chr3	2333574	2335074	263	585
Chr3	2397791	2399291	166	298
Chr3	2407041	2408541	160	234
Chr3	2440657	2442157	1669	1671
Chr3	2463465	2464965	212	344
Chr3	2497595	2499095	34	77
Chr3	2497595	2499095	34	77
Chr3	2500521	2502021	77	88
Chr3	2500521	2502021	77	88
Chr3	2503065	2504565	59	120
Chr3	2503065	2504565	59	120
Chr3	2507028	2508528	99	166
Chr3	2507028	2508528	99	166
Chr3	2540006	2541506	55	107
Chr3	2540006	2541506	55	107
Chr3	2650660	2652160	356	401
Chr3	2653712	2655212	375	417
Chr3	2678679	2680179	74	147
Chr3	2678679	2680179	74	147
Chr3	2711395	2712895	1329	1054
Chr3	2716675	2718175	2797	3218
Chr3	2716675	2718175	2797	3218
Chr3	2763781	2765281	111	248
Chr3	2763781	2765281	111	248
Chr3	2897174	2898674	80	180
Chr3	2900519	2902019	120	259
Chr3	2905229	2906729	234	309
Chr3	2905229	2906729	234	309
Chr3	2905229	2906729	234	309
Chr3	2905229	2906729	234	309
Chr3	2955156	2956656	122	143
Chr3	3015494	3016994	221	362
Chr3	3156608	3158108	100	162
Chr3	3312969	3314469	73	114
Chr3	3351289	3352789	103	136
Chr3	3357114	3358614	243	382
Chr3	3498801	3500301	231	405
Chr3	3503204	3504704	72	152
Chr3	3503204	3504704	72	152
Chr3	3534347	3535847	610	731
Chr3	3555705	3557205	241	446
Chr3	3590475	3591975	353	536
Chr3	3607250	3608750	124	225
Chr3	3607250	3608750	124	225
Chr3	3626773	3628273	108	211
Chr3	3626773	3628273	108	211
Chr3	3684058	3685558	2105	2630
Chr3	3717416	3718916	290	545
Chr3	3842142	3843642	148	275
Chr3	3956777	3958277	164	334
Chr3	3993292	3994792	76	117
Chr3	3993292	3994792	76	117
Chr3	3993292	3994792	76	117
Chr3	3993292	3994792	76	117
Chr3	4044109	4045609	85	156
Chr3	4058714	4060214	91	163
Chr3	4058714	4060214	91	163
Chr3	4075114	4076614	87	118
Chr3	4142726	4144226	123	172
Chr3	4142726	4144226	123	172
Chr3	4142726	4144226	123	172
Chr3	4419173	4420673	220	300
Chr3	4427679	4429179	166	329
Chr3	4452124	4453624	131	279
Chr3	4518647	4520147	125	148
Chr3	4518647	4520147	125	148
Chr3	4570760	4572260	362	557
Chr3	4649819	4651319	124	270
Chr3	4649819	4651319	124	270
Chr3	4769398	4770898	110	118
Chr3	4774619	4776119	291	448
Chr3	4781952	4783452	184	233
Chr3	4950846	4952346	106	151
Chr3	4950846	4952346	106	151
Chr3	5055068	5056568	218	359
Chr3	5098722	5100222	131	201
Chr3	5098722	5100222	131	201
Chr3	5108883	5110383	300	386
Chr3	5108883	5110383	300	386
Chr3	5108883	5110383	300	386
Chr3	5147805	5149305	157	179
Chr3	5172337	5173837	157	227
Chr3	5189572	5191072	280	385
Chr3	5189572	5191072	280	385
Chr3	5211984	5213484	252	531
Chr3	5327139	5328639	392	460
Chr3	5327139	5328639	392	460
Chr3	5344051	5345551	94	141
Chr3	5350071	5351571	368	556
Chr3	5353974	5355474	90	211
Chr3	5358009	5359509	1107	1898
Chr3	5361888	5363388	137	190
Chr3	5386444	5387944	268	665
Chr3	5386444	5387944	268	665
Chr3	5468981	5470481	4200	3813
Chr3	5468981	5470481	4200	3813
Chr3	5475074	5476574	101	192
Chr3	5484594	5486094	161	233
Chr3	5484594	5486094	161	233
Chr3	5504404	5505904	497	807
Chr3	5657835	5659335	123	177
Chr3	5657835	5659335	123	177
Chr3	5710082	5711582	151	220
Chr3	5720020	5721520	259	523
Chr3	5893946	5895446	140	260
Chr3	5992412	5993912	127	285
Chr3	5992412	5993912	127	285
Chr3	5992412	5993912	127	285
Chr3	6063379	6064879	60	163
Chr3	6063379	6064879	60	163
Chr3	6320093	6321593	146	198
Chr3	6320093	6321593	146	198
Chr3	6320093	6321593	146	198
Chr3	6490773	6492273	252	509
Chr3	6525043	6526543	438	726
Chr3	6557509	6559009	464	772
Chr3	6792419	6793919	288	438
Chr3	6839281	6840781	635	877
Chr3	6839281	6840781	635	877
Chr3	6933773	6935273	647	1224
Chr3	6937211	6938711	73	104
Chr3	7046581	7048081	57	101
Chr3	7165047	7166547	89	94
Chr3	7246095	7247595	88	116
Chr3	7456879	7458379	119	235
Chr3	7576123	7577623	95	163
Chr3	7576123	7577623	95	163
Chr3	7594806	7596306	120	284
Chr3	7628651	7630151	160	288
Chr3	7628651	7630151	160	288
Chr3	7705748	7707248	98	140
Chr3	7705748	7707248	98	140
Chr3	7811944	7813444	138	228
Chr3	7811944	7813444	138	228
Chr3	7833549	7835049	255	352
Chr3	8024034	8025534	148	164
Chr3	8024034	8025534	148	164
Chr3	8077820	8079320	126	203
Chr3	8088003	8089503	150	237
Chr3	8125431	8126931	116	203
Chr3	8171597	8173097	73	134
Chr3	8171597	8173097	73	134
Chr3	8171597	8173097	73	134
Chr3	8181300	8182800	452	703
Chr3	8253663	8255163	145	233
Chr3	8308209	8309709	561	923
Chr3	8332025	8333525	143	184
Chr3	8346200	8347700	85	129
Chr3	8346200	8347700	85	129
Chr3	8549110	8550610	212	174
Chr3	8549110	8550610	212	174
Chr3	8549110	8550610	212	174
Chr3	8564494	8565994	65	139
Chr3	8671774	8673274	100	160
Chr3	8671774	8673274	100	160
Chr3	8742253	8743753	277	352
Chr3	8829336	8830836	77	84
Chr3	8940066	8941566	159	305
Chr3	8940066	8941566	159	305
Chr3	9051982	9053482	31	72
Chr3	9125851	9127351	73	121
Chr3	9125851	9127351	73	121
Chr3	9125851	9127351	73	121
Chr3	9127516	9129016	92	148
Chr3	9127516	9129016	92	148
Chr3	9153711	9155211	137	201
Chr3	9168782	9170282	374	609
Chr3	9198438	9199938	60	87
Chr3	9198438	9199938	60	87
Chr3	9205183	9206683	44	67
Chr3	9205183	9206683	44	67
Chr3	9215990	9217490	79	139
Chr3	9254502	9256002	355	418
Chr3	9395420	9396920	139	294
Chr3	9395420	9396920	139	294
Chr3	9566726	9568226	91	120
Chr3	9569386	9570886	77	91
Chr3	9574648	9576148	128	216
Chr3	9579586	9581086	153	363
Chr3	9584609	9586109	110	178
Chr3	9588282	9589782	71	116
Chr3	9594743	9596243	350	580
Chr3	9597333	9598833	136	314
Chr3	9599459	9600959	203	370
Chr3	9628700	9630200	55	91
Chr3	9631509	9633009	159	273
Chr3	9633970	9635470	378	637
Chr3	9640366	9641866	143	256
Chr3	9642279	9643779	70	141
Chr3	9645564	9647064	168	343
Chr3	9648084	9649584	39	57
Chr3	9723315	9724815	77	125
Chr3	9768744	9770244	198	345
Chr3	9775960	9777460	49	64
Chr3	9775960	9777460	49	64
Chr3	9794071	9795571	258	516
Chr3	9849570	9851070	94	139
Chr3	9849570	9851070	94	139
Chr3	9886948	9888448	88	162
Chr3	9931620	9933120	100	176
Chr3	9938769	9940269	50	73
Chr3	10052929	10054429	110	152
Chr3	10212504	10214004	190	425
Chr3	10254947	10256447	2225	1567
Chr3	10254947	10256447	2225	1567
Chr3	10254947	10256447	2225	1567
Chr3	10254947	10256447	2225	1567
Chr3	10254947	10256447	2225	1567
Chr3	10254947	10256447	2225	1567
Chr3	10254947	10256447	2225	1567
Chr3	10254947	10256447	2225	1567
Chr3	10254947	10256447	2225	1567
Chr3	10254947	10256447	2225	1567
Chr3	10254947	10256447	2225	1567
Chr3	10392904	10394404	77	84
Chr3	10675224	10676724	66	111
Chr3	10754039	10755539	134	335
Chr3	10910157	10911657	697	1248
Chr3	11012858	11014358	164	182
Chr3	11012858	11014358	164	182
Chr3	11032665	11034165	66	100
Chr3	11032665	11034165	66	100
Chr3	11032665	11034165	66	100
Chr3	11103406	11104906	93	177
Chr3	11131576	11133076	62	77
Chr3	11131576	11133076	62	77
Chr3	11131576	11133076	62	77
Chr3	11187803	11189303	68	131
Chr3	11187803	11189303	68	131
Chr3	11190491	11191991	531	1248
Chr3	11190491	11191991	531	1248
Chr3	11268729	11270229	297	400
Chr3	11399766	11401266	56	122
Chr3	11466727	11468227	85	118
Chr3	11526872	11528372	96	167
Chr3	11532325	11533825	67	105
Chr3	11979121	11980621	137	291
Chr3	15224960	15226460	138	157
Chr3	15665960	15667460	72	91
Chr3	15949724	15951224	88	121
Chr3	16448264	16449764	70	103
Chr3	16448264	16449764	70	103
Chr3	16448264	16449764	70	103
Chr3	16672146	16673646	71	120
Chr3	16758253	16759753	316	484
Chr3	16758253	16759753	316	484
Chr3	16761205	16762705	177	225
Chr3	16761205	16762705	177	225
Chr3	16769933	16771433	99	131
Chr3	16769933	16771433	99	131
Chr3	16775268	16776768	61	125
Chr3	16777713	16779213	104	98
Chr3	16777713	16779213	104	98
Chr3	16781643	16783143	104	149
Chr3	16781643	16783143	104	149
Chr3	16784046	16785546	110	123
Chr3	16784046	16785546	110	123
Chr3	16908499	16909999	238	413
Chr3	16910320	16911820	84	113
Chr3	16947090	16948590	24	45
Chr3	17146367	17147867	75	115
Chr3	17156924	17158424	318	550
Chr3	17187312	17188812	102	190
Chr3	17190667	17192167	145	260
Chr3	17193897	17195397	69	133
Chr3	17196243	17197743	65	96
Chr3	17198837	17200337	188	346
Chr3	17201389	17202889	127	207
Chr3	17211848	17213348	124	178
Chr3	17227673	17229173	1962	2159
Chr3	17233502	17235002	163	242
Chr3	17233502	17235002	163	242
Chr3	17464590	17466090	94	106
Chr3	17481025	17482525	94	143
Chr3	17494533	17496033	7303	7121
Chr3	17494533	17496033	7303	7121
Chr3	17494533	17496033	7303	7121
Chr3	17494533	17496033	7303	7121
Chr3	17494533	17496033	7303	7121
Chr3	17505558	17507058	178	272
Chr3	17505558	17507058	178	272
Chr3	17512274	17513774	73	164
Chr3	17540730	17542230	232	329
Chr3	17598396	17599896	115	190
Chr3	17599651	17601151	32	72
Chr3	17605427	17606927	138	181
Chr3	17610787	17612287	50	119
Chr3	17617055	17618555	94	139
Chr3	17623479	17624979	194	364
Chr3	17628530	17630030	75	92
Chr3	17650912	17652412	147	241
Chr3	17650912	17652412	147	241
Chr3	17689049	17690549	133	233
Chr3	17700333	17701833	274	439
Chr3	17700333	17701833	274	439
Chr3	17760374	17761874	1283	1522
Chr3	17760374	17761874	1283	1522
Chr3	17760374	17761874	1283	1522
Chr3	17760374	17761874	1283	1522
Chr3	17760374	17761874	1283	1522
Chr3	17760374	17761874	1283	1522
Chr3	17875571	17877071	58	125
Chr3	17878566	17880066	116	216
Chr3	17881556	17883056	165	247
Chr3	17884524	17886024	67	153
Chr3	17887101	17888601	123	262
Chr3	17890134	17891634	324	549
Chr3	18054255	18055755	56	79
Chr3	18070536	18072036	80	133
Chr3	18126242	18127742	285	481
Chr3	18160879	18162379	204	329
Chr3	18191492	18192992	118	233
Chr3	18217348	18218848	147	188
Chr3	18217348	18218848	147	188
Chr3	18229110	18230610	87	166
Chr3	18229110	18230610	87	166
Chr3	18248776	18250276	269	390
Chr3	18294077	18295577	278	358
Chr3	18364413	18365913	481	736
Chr3	18436845	18438345	86	158
Chr3	18436845	18438345	86	158
Chr3	18618229	18619729	72	115
Chr3	18649021	18650521	45	160
Chr3	18713149	18714649	106	160
Chr3	18743657	18745157	163	211
Chr3	18848930	18850430	53	89
Chr3	18852637	18854137	77	134
Chr3	18856384	18857884	150	205
Chr3	18891926	18893426	664	1212
Chr3	18891926	18893426	664	1212
Chr3	18891926	18893426	664	1212
Chr3	18891926	18893426	664	1212
Chr3	18968068	18969568	62	112
Chr3	18972213	18973713	88	163
Chr3	19098775	19100275	93	137
Chr3	19099676	19101176	96	150
Chr3	19207810	19209310	123	176
Chr3	19264294	19265794	157	193
Chr3	19642782	19644282	156	400
Chr3	19653068	19654568	228	319
Chr3	19698759	19700259	155	369
Chr3	19754704	19756204	92	126
Chr3	19759475	19760975	78	91
Chr3	19783502	19785002	106	170
Chr3	19783502	19785002	106	170
Chr3	19814930	19816430	124	167
Chr3	19980459	19981959	260	532
Chr3	19980459	19981959	260	532
Chr3	20048072	20049572	249	401
Chr3	20048072	20049572	249	401
Chr3	20069158	20070658	265	545
Chr3	20157534	20159034	83	116
Chr3	20157534	20159034	83	116
Chr3	20188805	20190305	62	136
Chr3	20551715	20553215	765	931
Chr3	20556899	20558399	503	663
Chr3	20575682	20577182	94	182
Chr3	20575682	20577182	94	182
Chr3	20670115	20671615	149	240
Chr3	20672847	20674347	171	248
Chr3	20718366	20719866	278	401
Chr3	20768824	20770324	52	84
Chr3	20797072	20798572	393	587
Chr3	20812536	20814036	325	484
Chr3	20849029	20850529	448	700
Chr3	20904480	20905980	206	298
Chr3	20904480	20905980	206	298
Chr3	20904480	20905980	206	298
Chr3	20954141	20955641	72	88
Chr3	21035577	21037077	1230	1198
Chr3	21075505	21077005	1514	2707
Chr3	21075505	21077005	1514	2707
Chr3	21108614	21110114	450	939
Chr3	21108614	21110114	450	939
Chr3	21108614	21110114	450	939
Chr3	21108614	21110114	450	939
Chr3	21108614	21110114	450	939
Chr3	21146558	21148058	166	256
Chr3	21257980	21259480	111	202
Chr3	21257980	21259480	111	202
Chr3	21285441	21286941	56	88
Chr3	21285441	21286941	56	88
Chr3	21533589	21535089	93	169
Chr3	21708170	21709670	211	423
Chr3	21745824	21747324	473	634
Chr3	21804714	21806214	94	135
Chr3	22085478	22086978	267	708
Chr3	22111109	22112609	110	180
Chr3	22111109	22112609	110	180
Chr3	22443890	22445390	123	134
Chr3	22595625	22597125	136	228
Chr3	22601910	22603410	487	717
Chr3	22620969	22622469	326	441
Chr3	22640737	22642237	108	162
Chr3	22640737	22642237	108	162
Chr3	22670002	22671502	212	297
Chr3	22744653	22746153	2805	4397
Chr3	22744653	22746153	2805	4397
Chr3	22744653	22746153	2805	4397
Chr3	22744653	22746153	2805	4397
Chr3	22744653	22746153	2805	4397
Chr3	22744653	22746153	2805	4397
Chr3	22876168	22877668	135	237
Chr3	22929942	22931442	139	208
Chr3	22978955	22980455	149	378
Chr3	23018009	23019509	59	114
Chr3	23040084	23041584	453	712
Chr3	23088706	23090206	255	574
Chr3	23153758	23155258	217	282
Chr3	23245157	23246657	86	198
Chr3	23300973	23302473	2796	3065
Chr3	23398468	23399968	170	276
Chr3	23401076	23402576	176	337
Chr4	81540	83040	135	138
Chr4	125509	127009	86	145
Chr4	240000	241500	141	238
Chr4	280199	281699	83	132
Chr4	309982	311482	112	196
Chr4	313353	314853	92	178
Chr4	446052	447552	1509	1558
Chr4	450142	451642	88	133
Chr4	450142	451642	88	133
Chr4	463056	464556	123	200
Chr4	492548	494048	1718	1963
Chr4	492548	494048	1718	1963
Chr4	521472	522972	96	195
Chr4	625350	626850	117	214
Chr4	699653	701153	98	143
Chr4	699653	701153	98	143
Chr4	717079	718579	104	201
Chr4	743921	745421	565	966
Chr4	815210	816710	89	125
Chr4	880090	881590	111	156
Chr4	1012534	1014034	47	76
Chr4	1025618	1027118	109	134
Chr4	1031413	1032913	307	587
Chr4	1155453	1156953	102	150
Chr4	1222961	1224461	150	261
Chr4	1222961	1224461	150	261
Chr4	1229445	1230945	1264	2193
Chr4	1414949	1416449	496	558
Chr4	1414949	1416449	496	558
Chr4	1414949	1416449	496	558
Chr4	1506000	1507500	119	213
Chr4	1869422	1870922	68	61
Chr4	2135749	2137249	100	188
Chr4	2217379	2218879	108	284
Chr4	2351518	2353018	1742	2152
Chr4	2416888	2418388	92	230
Chr4	2451664	2453164	292	621
Chr4	2617454	2618954	281	429
Chr4	2663385	2664885	121	219
Chr4	5313905	5315405	103	145
Chr4	5723103	5724603	2494	2095
Chr4	5774210	5775710	166	223
Chr4	5991966	5993466	135	285
Chr4	6259573	6261073	87	144
Chr4	6265745	6267245	100	131
Chr4	6390984	6392484	102	107
Chr4	6390984	6392484	102	107
Chr4	6407016	6408516	2382	3108
Chr4	6407016	6408516	2382	3108
Chr4	6407016	6408516	2382	3108
Chr4	6407016	6408516	2382	3108
Chr4	6407016	6408516	2382	3108
Chr4	6407016	6408516	2382	3108
Chr4	6407016	6408516	2382	3108
Chr4	6407016	6408516	2382	3108
Chr4	6407016	6408516	2382	3108
Chr4	6416329	6417829	79	97
Chr4	6416329	6417829	79	97
Chr4	6416329	6417829	79	97
Chr4	6461432	6462932	71	141
Chr4	6482867	6484367	46	101
Chr4	6490017	6491517	184	420
Chr4	6900682	6902182	111	264
Chr4	7041630	7043130	127	219
Chr4	7177340	7178840	100	121
Chr4	7209918	7211418	67	91
Chr4	7309255	7310755	282	452
Chr4	7316169	7317669	227	425
Chr4	7323912	7325412	80	100
Chr4	7368230	7369730	121	220
Chr4	7627867	7629367	30	54
Chr4	7627867	7629367	30	54
Chr4	7627867	7629367	30	54
Chr4	7632370	7633870	46	74
Chr4	7632370	7633870	46	74
Chr4	7632370	7633870	46	74
Chr4	7660606	7662106	54	102
Chr4	7686376	7687876	99	192
Chr4	7739283	7740783	67	90
Chr4	7749305	7750805	36	92
Chr4	7931138	7932638	53	78
Chr4	7942398	7943898	83	124
Chr4	7942398	7943898	83	124
Chr4	7987058	7988558	91	145
Chr4	7987058	7988558	91	145
Chr4	7991811	7993311	116	198
Chr4	8078814	8080314	93	142
Chr4	8105021	8106521	83	124
Chr4	8119858	8121358	118	197
Chr4	8123335	8124835	103	149
Chr4	8137781	8139281	96	110
Chr4	8137781	8139281	96	110
Chr4	8137781	8139281	96	110
Chr4	8270621	8272121	248	457
Chr4	8360058	8361558	215	360
Chr4	8368667	8370167	109	129
Chr4	8368667	8370167	109	129
Chr4	8368667	8370167	109	129
Chr4	8396712	8398212	120	233
Chr4	8409054	8410554	69	104
Chr4	8509538	8511038	156	358
Chr4	8509538	8511038	156	358
Chr4	8512859	8514359	90	192
Chr4	8512859	8514359	90	192
Chr4	8665259	8666759	52	75
Chr4	8704878	8706378	203	298
Chr4	8726169	8727669	66	102
Chr4	8747481	8748981	56	84
Chr4	8850016	8851516	146	275
Chr4	8854045	8855545	119	235
Chr4	8858072	8859572	91	138
Chr4	8878827	8880327	335	698
Chr4	8882907	8884407	1757	2098
Chr4	8882907	8884407	1757	2098
Chr4	8948460	8949960	98	129
Chr4	9059483	9060983	86	168
Chr4	9201052	9202552	180	342
Chr4	9227453	9228953	142	152
Chr4	9375737	9377237	539	320
Chr4	9375737	9377237	539	320
Chr4	9375737	9377237	539	320
Chr4	9471763	9473263	135	175
Chr4	9471763	9473263	135	175
Chr4	9663274	9664774	299	614
Chr4	9697078	9698578	118	259
Chr4	9698253	9699753	251	482
Chr4	9790645	9792145	76	106
Chr4	9830359	9831859	343	646
Chr4	9871103	9872603	139	250
Chr4	9882932	9884432	46	69
Chr4	9919975	9921475	168	320
Chr4	9919975	9921475	168	320
Chr4	9927678	9929178	142	207
Chr4	10015315	10016815	441	578
Chr4	10064626	10066126	125	156
Chr4	10064626	10066126	125	156
Chr4	10131561	10133061	117	199
Chr4	10156887	10158387	131	213
Chr4	10216704	10218204	221	334
Chr4	10290350	10291850	832	898
Chr4	10290350	10291850	832	898
Chr4	10290350	10291850	832	898
Chr4	10303850	10305350	297	413
Chr4	10303850	10305350	297	413
Chr4	10316290	10317790	42	86
Chr4	10349062	10350562	476	730
Chr4	10351622	10353122	748	794
Chr4	10351622	10353122	748	794
Chr4	10369704	10371204	229	453
Chr4	10371732	10373232	98	175
Chr4	10413749	10415249	1286	1327
Chr4	10458828	10460328	273	418
Chr4	10463674	10465174	211	283
Chr4	10495228	10496728	112	178
Chr4	10495228	10496728	112	178
Chr4	10585361	10586861	203	366
Chr4	10590088	10591588	313	598
Chr4	10933712	10935212	61	56
Chr4	11176381	11177881	129	198
Chr4	11244954	11246454	101	159
Chr4	11244954	11246454	101	159
Chr4	11269045	11270545	153	325
Chr4	11335479	11336979	97	131
Chr4	11335479	11336979	97	131
Chr4	11419260	11420760	98	153
Chr4	11519265	11520765	227	211
Chr4	11519265	11520765	227	211
Chr4	11693892	11695392	186	349
Chr4	11895980	11897480	776	1071
Chr4	11923716	11925216	130	204
Chr4	11928359	11929859	212	327
Chr4	11933969	11935469	144	241
Chr4	11959553	11961053	103	168
Chr4	11993270	11994770	219	545
Chr4	12005986	12007486	140	498
Chr4	12017992	12019492	142	299
Chr4	12022967	12024467	131	214
Chr4	12253770	12255270	153	178
Chr4	12441047	12442547	125	159
Chr4	12455489	12456989	108	250
Chr4	12461030	12462530	113	200
Chr4	12465345	12466845	101	182
Chr4	12570766	12572266	320	430
Chr4	12588988	12590488	155	288
Chr4	12588988	12590488	155	288
Chr4	12588988	12590488	155	288
Chr4	12616256	12617756	176	397
Chr4	12616256	12617756	176	397
Chr4	12616256	12617756	176	397
Chr4	12712325	12713825	140	229
Chr4	12730774	12732274	71	179
Chr4	12784288	12785788	229	337
Chr4	12784288	12785788	229	337
Chr4	12856041	12857541	97	160
Chr4	12906838	12908338	121	163
Chr4	12991958	12993458	180	308
Chr4	13015720	13017220	967	1023
Chr4	13018621	13020121	374	598
Chr4	13022225	13023725	1483	1762
Chr4	13059607	13061107	80	130
Chr4	13095435	13096935	213	414
Chr4	13095435	13096935	213	414
Chr4	13127643	13129143	494	752
Chr4	13127643	13129143	494	752
Chr4	13127643	13129143	494	752
Chr4	13129297	13130797	150	183
Chr4	13129297	13130797	150	183
Chr4	13129297	13130797	150	183
Chr4	13172381	13173881	109	255
Chr4	13193043	13194543	563	1129
Chr4	13193043	13194543	563	1129
Chr4	13495987	13497487	169	312
Chr4	13510839	13512339	272	289
Chr4	13605948	13607448	205	334
Chr4	13724546	13726046	2882	4571
Chr4	13728386	13729886	356	660
Chr4	13827323	13828823	969	2040
Chr4	13900220	13901720	100	155
Chr4	13968884	13970384	89	139
Chr4	13975408	13976908	266	510
Chr4	14072042	14073542	109	235
Chr4	14094276	14095776	58	92
Chr4	14094276	14095776	58	92
Chr4	14243295	14244795	114	224
Chr4	14243295	14244795	114	224
Chr4	14243295	14244795	114	224
Chr4	14392873	14394373	450	689
Chr4	14439223	14440723	236	422
Chr4	14439223	14440723	236	422
Chr4	14453415	14454915	60	115
Chr4	14820092	14821592	378	630
Chr4	14820092	14821592	378	630
Chr4	14820092	14821592	378	630
Chr4	14826547	14828047	348	422
Chr4	14826547	14828047	348	422
Chr4	14826547	14828047	348	422
Chr4	14829516	14831016	217	398
Chr4	14829516	14831016	217	398
Chr4	14829516	14831016	217	398
Chr4	14964515	14966015	109	151
Chr4	14964515	14966015	109	151
Chr4	14989341	14990841	280	444
Chr4	14989341	14990841	280	444
Chr4	15066053	15067553	491	758
Chr4	15066053	15067553	491	758
Chr4	15066053	15067553	491	758
Chr4	15140200	15141700	159	297
Chr4	15155203	15156703	193	295
Chr4	15175609	15177109	79	143
Chr4	15232074	15233574	118	212
Chr4	15274810	15276310	362	627
Chr4	15291039	15292539	1118	1370
Chr4	15348121	15349621	89	130
Chr4	15450988	15452488	66	116
Chr4	15454163	15455663	58	126
Chr4	15461408	15462908	68	89
Chr4	15584680	15586180	168	262
Chr4	15646165	15647665	496	557
Chr4	15675404	15676904	676	869
Chr4	15905510	15907010	60	100
Chr4	15930832	15932332	216	477
Chr4	15998173	15999673	211	359
Chr4	15998173	15999673	211	359
Chr4	16021439	16022939	169	261
Chr4	16028254	16029754	60	91
Chr4	16255112	16256612	433	728
Chr4	16270973	16272473	286	415
Chr4	16292112	16293612	245	323
Chr4	16292112	16293612	245	323
Chr4	16344318	16345818	477	727
Chr4	16421166	16422666	124	230
Chr4	16423713	16425213	91	107
Chr4	16430614	16432114	452	690
Chr4	16483495	16484995	307	541
Chr4	16497391	16498891	392	467
Chr4	16638598	16640098	135	205
Chr4	16661867	16663367	106	209
Chr4	16667218	16668718	206	345
Chr4	16722998	16724498	112	161
Chr4	16722998	16724498	112	161
Chr4	16745599	16747099	118	211
Chr4	16788549	16790049	141	259
Chr4	16838532	16840032	265	465
Chr4	16890377	16891877	167	257
Chr4	16895202	16896702	452	707
Chr4	16913996	16915496	113	157
Chr4	16913996	16915496	113	157
Chr4	16943941	16945441	239	452
Chr4	17027606	17029106	91	127
Chr4	17046815	17048315	474	724
Chr4	17113641	17115141	220	270
Chr4	17113641	17115141	220	270
Chr4	17139135	17140635	132	258
Chr4	17147721	17149221	275	391
Chr4	17289090	17290590	969	1120
Chr4	17423401	17424901	218	461
Chr4	17439177	17440677	137	261
Chr4	17500155	17501655	131	210
Chr4	17500155	17501655	131	210
Chr4	17561227	17562727	332	485
Chr4	17564096	17565596	137	333
Chr4	17566287	17567787	111	129
Chr4	17573438	17574938	145	255
Chr4	17583051	17584551	58	123
Chr4	17589772	17591272	59	80
Chr4	17596110	17597610	82	148
Chr4	17623785	17625285	51	133
Chr4	17623785	17625285	51	133
Chr4	17776897	17778397	292	389
Chr4	17776897	17778397	292	389
Chr4	17776897	17778397	292	389
Chr4	17827680	17829180	133	298
Chr4	17827680	17829180	133	298
Chr4	17827680	17829180	133	298
Chr4	17913141	17914641	80	151
Chr4	17923473	17924973	179	263
Chr4	17923473	17924973	179	263
Chr4	17937372	17938872	116	180
Chr4	17998432	17999932	555	1131
Chr4	18052551	18054051	346	564
Chr4	18079583	18081083	144	216
Chr4	18160088	18161588	202	447
Chr4	18295797	18297297	384	562
Chr4	18376740	18378240	274	406
Chr4	18376740	18378240	274	406
Chr4	18450793	18452293	149	279
Chr4	18526680	18528180	122	215
Chr4	18526680	18528180	122	215
Chr4	18529543	18531043	130	203
Chr4	18550556	18552056	161	283
Chr5	7944	9444	194	228
Chr5	63348	64848	175	287
Chr5	63348	64848	175	287
Chr5	76116	77616	164	252
Chr5	161799	163299	152	278
Chr5	207937	209437	3612	3463
Chr5	207937	209437	3612	3463
Chr5	262951	264451	136	164
Chr5	308434	309934	4101	3959
Chr5	308434	309934	4101	3959
Chr5	308434	309934	4101	3959
Chr5	314500	316000	391	729
Chr5	314500	316000	391	729
Chr5	314500	316000	391	729
Chr5	331337	332837	307	411
Chr5	462158	463658	149	237
Chr5	462158	463658	149	237
Chr5	472284	473784	318	511
Chr5	552147	553647	240	380
Chr5	552147	553647	240	380
Chr5	552147	553647	240	380
Chr5	552147	553647	240	380
Chr5	555942	557442	455	357
Chr5	555942	557442	455	357
Chr5	555942	557442	455	357
Chr5	555942	557442	455	357
Chr5	637003	638503	139	268
Chr5	801027	802527	169	435
Chr5	973183	974683	1573	1189
Chr5	1013086	1014586	78	172
Chr5	1069478	1070978	113	143
Chr5	1098118	1099618	150	227
Chr5	1213939	1215439	119	178
Chr5	1378068	1379568	132	272
Chr5	1383540	1385040	225	381
Chr5	1383540	1385040	225	381
Chr5	1414177	1415677	132	284
Chr5	1433774	1435274	112	178
Chr5	1460907	1462407	66	114
Chr5	1466541	1468041	93	133
Chr5	1534914	1536414	344	584
Chr5	1567694	1569194	116	194
Chr5	1567694	1569194	116	194
Chr5	1601205	1602705	372	609
Chr5	1601205	1602705	372	609
Chr5	1608250	1609750	1047	1374
Chr5	1663085	1664585	106	172
Chr5	1671120	1672620	292	395
Chr5	1671120	1672620	292	395
Chr5	1681321	1682821	97	153
Chr5	1741528	1743028	153	207
Chr5	1764507	1766007	475	754
Chr5	1766639	1768139	164	254
Chr5	1768648	1770148	109	145
Chr5	1771543	1773043	96	167
Chr5	1773513	1775013	97	113
Chr5	1819132	1820632	57	152
Chr5	1861149	1862649	121	158
Chr5	1861149	1862649	121	158
Chr5	1924870	1926370	236	502
Chr5	2000549	2002049	85	127
Chr5	2062487	2063987	323	492
Chr5	2137425	2138925	113	160
Chr5	2181918	2183418	99	232
Chr5	2197614	2199114	132	247
Chr5	2197614	2199114	132	247
Chr5	2197614	2199114	132	247
Chr5	2244839	2246339	55	106
Chr5	2266467	2267967	396	572
Chr5	2329385	2330885	175	372
Chr5	2434875	2436375	92	150
Chr5	2434875	2436375	92	150
Chr5	2434875	2436375	92	150
Chr5	2445764	2447264	67	103
Chr5	2449325	2450825	118	198
Chr5	2559394	2560894	106	148
Chr5	2665292	2666792	463	982
Chr5	2665292	2666792	463	982
Chr5	2665292	2666792	463	982
Chr5	2747257	2748757	138	244
Chr5	2782331	2783831	258	500
Chr5	2931162	2932662	130	198
Chr5	2974548	2976048	289	507
Chr5	2974548	2976048	289	507
Chr5	2974548	2976048	289	507
Chr5	2995175	2996675	153	293
Chr5	3031375	3032875	212	357
Chr5	3072356	3073856	229	392
Chr5	3099741	3101241	112	132
Chr5	3105364	3106864	150	228
Chr5	3105364	3106864	150	228
Chr5	3156980	3158480	158	211
Chr5	3224265	3225765	69	88
Chr5	3231569	3233069	109	97
Chr5	3285847	3287347	202	385
Chr5	3350037	3351537	54	140
Chr5	3352507	3354007	104	160
Chr5	3446614	3448114	106	151
Chr5	3446614	3448114	106	151
Chr5	3446614	3448114	106	151
Chr5	3561075	3562575	66	124
Chr5	3574037	3575537	174	323
Chr5	3604765	3606265	147	283
Chr5	3604765	3606265	147	283
Chr5	3628998	3630498	57	101
Chr5	3628998	3630498	57	101
Chr5	3632667	3634167	129	205
Chr5	3853916	3855416	110	152
Chr5	3876414	3877914	112	153
Chr5	4042057	4043557	83	161
Chr5	4055187	4056687	219	381
Chr5	4061450	4062950	351	526
Chr5	4061450	4062950	351	526
Chr5	4155660	4157160	1400	1168
Chr5	4155660	4157160	1400	1168
Chr5	4175579	4177079	163	313
Chr5	4182806	4184306	123	183
Chr5	4221514	4223014	160	334
Chr5	4221514	4223014	160	334
Chr5	4248712	4250212	100	155
Chr5	4248712	4250212	100	155
Chr5	4298723	4300223	272	250
Chr5	4298723	4300223	272	250
Chr5	4391727	4393227	3220	3451
Chr5	4444423	4445923	594	1619
Chr5	4476545	4478045	86	204
Chr5	4476545	4478045	86	204
Chr5	4476545	4478045	86	204
Chr5	4622367	4623867	56	110
Chr5	4651980	4653480	1082	863
Chr5	4723450	4724950	108	162
Chr5	4723450	4724950	108	162
Chr5	4833895	4835395	113	195
Chr5	4833895	4835395	113	195
Chr5	4885114	4886614	90	245
Chr5	4891103	4892603	67	129
Chr5	4969534	4971034	85	103
Chr5	4969534	4971034	85	103
Chr5	4973671	4975171	118	151
Chr5	4983644	4985144	878	1158
Chr5	5017847	5019347	145	300
Chr5	5024242	5025742	121	188
Chr5	5029694	5031194	91	114
Chr5	5147744	5149244	79	120
Chr5	5172258	5173758	965	668
Chr5	5172258	5173758	965	668
Chr5	5172258	5173758	965	668
Chr5	5172258	5173758	965	668
Chr5	5177397	5178897	6005	9036
Chr5	5177397	5178897	6005	9036
Chr5	5177397	5178897	6005	9036
Chr5	5177397	5178897	6005	9036
Chr5	5245320	5246820	209	226
Chr5	5271557	5273057	339	699
Chr5	5271557	5273057	339	699
Chr5	5388665	5390165	145	234
Chr5	5437291	5438791	118	135
Chr5	5513884	5515384	87	153
Chr5	5529273	5530773	248	470
Chr5	5529273	5530773	248	470
Chr5	5542834	5544334	130	248
Chr5	5542834	5544334	130	248
Chr5	5560679	5562179	289	452
Chr5	5591969	5593469	52	105
Chr5	5591969	5593469	52	105
Chr5	5608992	5610492	114	96
Chr5	5654836	5656336	75	113
Chr5	5654836	5656336	75	113
Chr5	5677412	5678912	936	806
Chr5	5677412	5678912	936	806
Chr5	5740965	5742465	45	74
Chr5	5765577	5767077	147	239
Chr5	5812784	5814284	166	240
Chr5	5812784	5814284	166	240
Chr5	6019953	6021453	88	132
Chr5	6042438	6043938	172	351
Chr5	6042438	6043938	172	351
Chr5	6042438	6043938	172	351
Chr5	6191443	6192943	85	183
Chr5	6281881	6283381	98	142
Chr5	6281881	6283381	98	142
Chr5	6422153	6423653	214	429
Chr5	6577773	6579273	154	252
Chr5	6635460	6636960	50	76
Chr5	6635460	6636960	50	76
Chr5	6893695	6895195	72	198
Chr5	6962438	6963938	123	239
Chr5	7078577	7080077	87	121
Chr5	7207643	7209143	136	245
Chr5	7207643	7209143	136	245
Chr5	7207643	7209143	136	245
Chr5	7215519	7217019	59	112
Chr5	7216340	7217840	111	198
Chr5	7216340	7217840	111	198
Chr5	7216340	7217840	111	198
Chr5	7255444	7256944	110	192
Chr5	7738035	7739535	603	859
Chr5	7973425	7974925	95	82
Chr5	8004234	8005734	171	321
Chr5	8049675	8051175	214	383
Chr5	8144752	8146252	86	160
Chr5	8159729	8161229	107	172
Chr5	8265790	8267290	197	432
Chr5	8283501	8285001	84	151
Chr5	8358373	8359873	513	660
Chr5	8377833	8379333	154	340
Chr5	8418433	8419933	367	483
Chr5	8588234	8589734	6895	4480
Chr5	8588234	8589734	6895	4480
Chr5	8588234	8589734	6895	4480
Chr5	8588234	8589734	6895	4480
Chr5	8597261	8598761	46	107
Chr5	8602694	8604194	85	116
Chr5	8608342	8609842	135	240
Chr5	8658822	8660322	176	230
Chr5	8658822	8660322	176	230
Chr5	8658822	8660322	176	230
Chr5	8661099	8662599	162	432
Chr5	8667299	8668799	111	263
Chr5	8671424	8672924	101	174
Chr5	8696608	8698108	94	172
Chr5	8814230	8815730	47	110
Chr5	8814230	8815730	47	110
Chr5	8890454	8891954	94	106
Chr5	9086872	9088372	86	148
Chr5	9139599	9141099	57	77
Chr5	9195758	9197258	46	91
Chr5	9233685	9235185	60	74
Chr5	9332674	9334174	43	85
Chr5	9317280	9318780	113	181
Chr5	9432619	9434119	228	323
Chr5	9537833	9539333	57	139
Chr5	9540147	9541647	75	158
Chr5	9540147	9541647	75	158
Chr5	9647667	9649167	239	477
Chr5	9656026	9657526	59	86
Chr5	9656026	9657526	59	86
Chr5	9716503	9718003	105	156
Chr5	9716503	9718003	105	156
Chr5	9881306	9882806	49	60
Chr5	9960764	9962264	151	232
Chr5	10373690	10375190	26	46
Chr5	10373690	10375190	26	46
Chr5	10428801	10430301	30	57
Chr5	10428801	10430301	30	57
Chr5	10526800	10528300	82	118
Chr5	10542875	10544375	233	243
Chr5	10542875	10544375	233	243
Chr5	10542875	10544375	233	243
Chr5	10542875	10544375	233	243
Chr5	13465551	13467051	145	230
Chr5	13595793	13597293	68	132
Chr5	13633454	13634954	169	250
Chr5	13633454	13634954	169	250
Chr5	13633454	13634954	169	250
Chr5	13760965	13762465	115	154
Chr5	13880222	13881722	69	157
Chr5	14122840	14124340	889	1210
Chr5	14281103	14282603	139	233
Chr5	14925646	14927146	91	163
Chr5	14925646	14927146	91	163
Chr5	15005705	15007205	98	159
Chr5	15060277	15061777	122	220
Chr5	15114883	15116383	58	69
Chr5	15157275	15158775	107	141
Chr5	15184077	15185577	88	125
Chr5	15377916	15379416	770	1279
Chr5	15381535	15383035	388	678
Chr5	15384747	15386247	143	301
Chr5	15408697	15410197	302	403
Chr5	15542481	15543981	54	106
Chr5	15570254	15571754	159	271
Chr5	15642603	15644103	196	335
Chr5	15726958	15728458	93	147
Chr5	15726958	15728458	93	147
Chr5	15729650	15731150	72	75
Chr5	15729650	15731150	72	75
Chr5	15731206	15732706	57	88
Chr5	15731206	15732706	57	88
Chr5	15736408	15737908	56	79
Chr5	15736408	15737908	56	79
Chr5	15737887	15739387	63	156
Chr5	15737887	15739387	63	156
Chr5	15740014	15741514	61	104
Chr5	15740014	15741514	61	104
Chr5	15741762	15743262	62	125
Chr5	15749929	15751429	123	169
Chr5	15749929	15751429	123	169
Chr5	15771080	15772580	87	123
Chr5	15780907	15782407	26	44
Chr5	15780907	15782407	26	44
Chr5	15780907	15782407	26	44
Chr5	15824992	15826492	122	189
Chr5	15827535	15829035	422	485
Chr5	15859288	15860788	117	231
Chr5	15859288	15860788	117	231
Chr5	15859288	15860788	117	231
Chr5	15877699	15879199	98	201
Chr5	15877699	15879199	98	201
Chr5	15885888	15887388	64	77
Chr5	16168315	16169815	79	133
Chr5	16170374	16171874	102	144
Chr5	16170374	16171874	102	144
Chr5	16236298	16237798	190	294
Chr5	16355789	16357289	68	73
Chr5	16437307	16438807	126	190
Chr5	16591741	16593241	171	284
Chr5	16778749	16780249	136	209
Chr5	16810146	16811646	351	425
Chr5	16810146	16811646	351	425
Chr5	16810146	16811646	351	425
Chr5	16810146	16811646	351	425
Chr5	16830739	16832239	1087	1101
Chr5	17033226	17034726	82	109
Chr5	17129186	17130686	93	142
Chr5	17292227	17293727	62	91
Chr5	17292227	17293727	62	91
Chr5	17320545	17322045	117	193
Chr5	17366888	17368388	128	270
Chr5	17549233	17550733	365	701
Chr5	17623829	17625329	254	526
Chr5	17625864	17627364	114	170
Chr5	17675816	17677316	83	177
Chr5	17691439	17692939	145	269
Chr5	17691439	17692939	145	269
Chr5	17713645	17715145	100	155
Chr5	17813336	17814836	106	197
Chr5	17830725	17832225	84	184
Chr5	17843251	17844751	243	440
Chr5	18092952	18094452	224	408
Chr5	18101385	18102885	41	57
Chr5	18101385	18102885	41	57
Chr5	18106627	18108127	56	61
Chr5	18106627	18108127	56	61
Chr5	18263717	18265217	90	121
Chr5	18344595	18346095	215	328
Chr5	18406336	18407836	395	704
Chr5	18583942	18585442	77	143
Chr5	18583942	18585442	77	143
Chr5	18583942	18585442	77	143
Chr5	18588043	18589543	760	866
Chr5	18588043	18589543	760	866
Chr5	18588043	18589543	760	866
Chr5	18612259	18613759	88	117
Chr5	18673051	18674551	65	109
Chr5	18673051	18674551	65	109
Chr5	18678646	18680146	114	217
Chr5	18678646	18680146	114	217
Chr5	18716453	18717953	183	423
Chr5	18737749	18739249	76	78
Chr5	18839305	18840805	158	277
Chr5	18839305	18840805	158	277
Chr5	18904325	18905825	207	320
Chr5	19071009	19072509	108	152
Chr5	19120409	19121909	839	733
Chr5	19135023	19136523	337	558
Chr5	19140016	19141516	87	168
Chr5	19249004	19250504	118	147
Chr5	19330547	19332047	97	143
Chr5	19346919	19348419	226	337
Chr5	19481106	19482606	89	109
Chr5	19481106	19482606	89	109
Chr5	19481106	19482606	89	109
Chr5	19492244	19493744	64	73
Chr5	19520028	19521528	48	102
Chr5	19520028	19521528	48	102
Chr5	19524198	19525698	192	299
Chr5	19555029	19556529	93	149
Chr5	19563222	19564722	720	670
Chr5	19594657	19596157	116	191
Chr5	19615244	19616744	123	298
Chr5	19619267	19620767	76	138
Chr5	19817397	19818897	93	194
Chr5	19834434	19835934	120	218
Chr5	19942507	19944007	105	127
Chr5	20000878	20002378	91	121
Chr5	20008538	20010038	77	103
Chr5	20089776	20091276	341	676
Chr5	20302414	20303914	206	387
Chr5	20302414	20303914	206	387
Chr5	20302414	20303914	206	387
Chr5	20429596	20431096	84	151
Chr5	20522480	20523980	68	140
Chr5	20522480	20523980	68	140
Chr5	20637496	20638996	95	191
Chr5	20657501	20659001	121	181
Chr5	20666804	20668304	71	115
Chr5	20696539	20698039	109	183
Chr5	20706278	20707778	492	663
Chr5	20719874	20721374	309	476
Chr5	20738419	20739919	117	156
Chr5	20763315	20764815	247	439
Chr5	20837762	20839262	47	93
Chr5	20899977	20901477	779	945
Chr5	20915106	20916606	67	66
Chr5	20919338	20920838	79	141
Chr5	21056308	21057808	65	79
Chr5	21117287	21118787	497	773
Chr5	21153744	21155244	275	533
Chr5	21179810	21181310	200	255
Chr5	21215855	21217355	268	572
Chr5	21258842	21260342	45	115
Chr5	21336502	21338002	1070	1155
Chr5	21336502	21338002	1070	1155
Chr5	21417116	21418616	191	348
Chr5	21498899	21500399	113	184
Chr5	21559718	21561218	180	307
Chr5	21651093	21652593	408	531
Chr5	21903323	21904823	60	98
Chr5	21903323	21904823	60	98
Chr5	21903323	21904823	60	98
Chr5	21992312	21993812	379	1058
Chr5	22017433	22018933	119	183
Chr5	22037273	22038773	3940	4761
Chr5	22037273	22038773	3940	4761
Chr5	22037273	22038773	3940	4761
Chr5	22037273	22038773	3940	4761
Chr5	22037273	22038773	3940	4761
Chr5	22037273	22038773	3940	4761
Chr5	22037273	22038773	3940	4761
Chr5	22037273	22038773	3940	4761
Chr5	22037273	22038773	3940	4761
Chr5	22037273	22038773	3940	4761
Chr5	22037273	22038773	3940	4761
Chr5	22201610	22203110	174	251
Chr5	22221340	22222840	156	273
Chr5	22242800	22244300	122	188
Chr5	22283581	22285081	305	440
Chr5	22308910	22310410	717	859
Chr5	22357698	22359198	178	264
Chr5	22387782	22389282	292	492
Chr5	22563933	22565433	115	195
Chr5	22563933	22565433	115	195
Chr5	22718191	22719691	55	130
Chr5	22807641	22809141	64	115
Chr5	22807641	22809141	64	115
Chr5	22864110	22865610	150	205
Chr5	22906319	22907819	143	270
Chr5	23015171	23016671	100	194
Chr5	23079661	23081161	141	210
Chr5	23166842	23168342	449	760
Chr5	23166842	23168342	449	760
Chr5	23176696	23178196	46	110
Chr5	23186840	23188340	237	420
Chr5	23199818	23201318	82	141
Chr5	23285434	23286934	160	240
Chr5	23301105	23302605	76	122
Chr5	23301105	23302605	76	122
Chr5	23301105	23302605	76	122
Chr5	23303549	23305049	109	166
Chr5	23303549	23305049	109	166
Chr5	23303549	23305049	109	166
Chr5	23305921	23307421	296	407
Chr5	23305921	23307421	296	407
Chr5	23305921	23307421	296	407
Chr5	23307782	23309282	787	977
Chr5	23307782	23309282	787	977
Chr5	23307782	23309282	787	977
Chr5	23342758	23344258	660	993
Chr5	23342758	23344258	660	993
Chr5	23342758	23344258	660	993
Chr5	23354464	23355964	458	705
Chr5	23354464	23355964	458	705
Chr5	23354464	23355964	458	705
Chr5	23354464	23355964	458	705
Chr5	23576439	23577939	250	414
Chr5	23598742	23600242	156	198
Chr5	23598742	23600242	156	198
Chr5	23598742	23600242	156	198
Chr5	23692340	23693840	531	798
Chr5	23784834	23786334	307	350
Chr5	23803173	23804673	154	319
Chr5	23902892	23904392	127	275
Chr5	23902892	23904392	127	275
Chr5	23973668	23975168	346	620
Chr5	24007189	24008689	256	383
Chr5	24010149	24011649	133	223
Chr5	24012525	24014025	113	217
Chr5	24012525	24014025	113	217
Chr5	24119231	24120731	266	426
Chr5	24121412	24122912	329	348
Chr5	24172259	24173759	85	144
Chr5	24200904	24202404	103	201
Chr5	24455470	24456970	247	486
Chr5	24493691	24495191	173	226
Chr5	24690595	24692095	114	198
Chr5	24702261	24703761	55	91
Chr5	24702261	24703761	55	91
Chr5	24702261	24703761	55	91
Chr5	24747102	24748602	70	98
Chr5	24751850	24753350	399	554
Chr5	24792987	24794487	82	94
Chr5	24792864	24794364	81	97
Chr5	24807398	24808898	83	112
Chr5	24807484	24808984	84	112
Chr5	24814943	24816443	124	166
Chr5	24915089	24916589	325	542
Chr5	24939396	24940896	493	660
Chr5	25029433	25030933	78	120
Chr5	25049684	25051184	126	147
Chr5	25049684	25051184	126	147
Chr5	25049684	25051184	126	147
Chr5	25070434	25071934	1375	2445
Chr5	25070434	25071934	1375	2445
Chr5	25080601	25082101	379	701
Chr5	25102934	25104434	115	258
Chr5	25167443	25168943	115	302
Chr5	25167443	25168943	115	302
Chr5	25196494	25197994	345	373
Chr5	25196494	25197994	345	373
Chr5	25253712	25255212	116	184
Chr5	25253712	25255212	116	184
Chr5	25253712	25255212	116	184
Chr5	25253712	25255212	116	184
Chr5	25253712	25255212	116	184
Chr5	25253712	25255212	116	184
Chr5	25386752	25388252	293	427
Chr5	25432154	25433654	85	232
Chr5	25465397	25466897	79	176
Chr5	25483219	25484719	163	280
Chr5	25623037	25624537	225	323
Chr5	25712973	25714473	120	235
Chr5	25712973	25714473	120	235
Chr5	25716258	25717758	257	458
Chr5	25716258	25717758	257	458
Chr5	25783404	25784904	212	266
Chr5	25835727	25837227	110	196
Chr5	25880066	25881566	293	416
Chr5	25919310	25920810	564	688
Chr5	25947973	25949473	628	746
Chr5	25954381	25955881	93	163
Chr5	26021722	26023222	204	235
Chr5	26067290	26068790	119	142
Chr5	26149976	26151476	541	760
Chr5	26183497	26184997	118	217
Chr5	26202968	26204468	151	262
Chr5	26202968	26204468	151	262
Chr5	26298032	26299532	270	333
Chr5	26298032	26299532	270	333
Chr5	26298032	26299532	270	333
Chr5	26409520	26411020	163	244
Chr5	26455322	26456822	1306	993
Chr5	26480834	26482334	155	280
Chr5	26497355	26498855	287	584
Chr5	26550879	26552379	134	285
Chr5	26567653	26569153	3409	2943
Chr5	26567653	26569153	3409	2943
Chr5	26567653	26569153	3409	2943
Chr5	26567653	26569153	3409	2943
Chr5	26610004	26611504	89	174
Chr5	26612391	26613891	51	134
Chr5	26616490	26617990	423	795
Chr5	26624080	26625580	82	97
Chr5	26635609	26637109	91	180
Chr5	26659600	26661100	263	485
Chr5	26709555	26711055	268	459
Chr5	26771726	26773226	127	230
Chr5	26817949	26819449	216	300
Chr5	26856441	26857941	96	191
Chr5	26925713	26927213	356	517
Chr5	26934143	26935643	251	458
