B73V4_ctg10	870842	872342	6	20
B73V4_ctg10	870842	872342	6	20
B73V4_ctg10	916444	917944	0	4
B73V4_ctg10	916444	917944	0	4
B73V4_ctg31	431457	432957	0	0
B73V4_ctg31	431457	432957	0	0
B73V4_ctg31	431457	432957	0	0
B73V4_ctg142	70702	72202	4	8
B73V4_ctg193	378165	379665	2	2
B73V4_ctg53	363795	365295	3	2
B73V4_ctg50	8735	10235	30	207
B73V4_ctg26	116614	118114	7	2
B73V4_ctg73	74287	75787	0	0
B73V4_ctg73	74287	75787	0	0
B73V4_ctg73	74287	75787	0	0
B73V4_ctg107	24722	26222	0	3
B73V4_ctg51	57448	58948	2	0
B73V4_ctg206	54652	56152	4	0
B73V4_ctg206	54652	56152	4	0
B73V4_ctg41	5448	6948	6	52
B73V4_ctg173	10820	12320	6	57
B73V4_ctg58	9359	10859	3	6
B73V4_ctg58	9359	10859	3	6
B73V4_ctg58	9359	10859	3	6
B73V4_ctg12	5711	7211	0	2
2	1022933	1024433	4	0
2	1412569	1414069	34	130
2	1427525	1429025	1	6
2	1434014	1435514	7	3
2	1434014	1435514	7	3
2	1440947	1442447	72	32
2	1919438	1920938	0	4
2	2016037	2017537	682	1014
2	2016037	2017537	682	1014
2	3770594	3772094	4	8
2	3770594	3772094	4	8
2	4119298	4120798	0	4
2	4119298	4120798	0	4
2	5267949	5269449	0	0
2	6421454	6422954	50	186
2	6827040	6828540	2	2
2	7732220	7733720	4	4
2	7732220	7733720	4	4
2	7732220	7733720	4	4
2	7732258	7733758	4	4
2	7732258	7733758	4	4
2	7732258	7733758	4	4
2	9322425	9323925	2	16
2	9591238	9592738	4	8
2	9591238	9592738	4	8
2	10324430	10325930	6	13
2	10605800	10607300	4	2
2	11315558	11317058	9	20
2	11469204	11470704	4	2
2	11469204	11470704	4	2
2	12047409	12048909	6	10
2	12117740	12119240	1	14
2	12117740	12119240	1	14
2	12117740	12119240	1	14
2	12120541	12122041	0	8
2	12120541	12122041	0	8
2	12120541	12122041	0	8
2	12175650	12177150	2	9
2	12175650	12177150	2	9
2	12175650	12177150	2	9
2	12309800	12311300	1	4
2	12318102	12319602	4	11
2	13186123	13187623	2	4
2	13589866	13591366	4	64
2	14855275	14856775	16	65
2	14989724	14991224	16	6
2	14989724	14991224	16	6
2	15191621	15193121	2	12
2	15191621	15193121	2	12
2	15226899	15228399	27	56
2	15537202	15538702	10	21
2	15964706	15966206	6	4
2	16289462	16290962	6	0
2	16289462	16290962	6	0
2	17087031	17088531	0	6
2	17148611	17150111	4	2
2	17336400	17337900	4	2
2	17551472	17552972	0	2
2	18051308	18052808	1	2
2	19419875	19421375	8	17
2	20016525	20018025	0	4
2	21105314	21106814	3	7
2	22300012	22301512	157	258
2	24001536	24003036	3	24
2	24001536	24003036	3	24
2	24001536	24003036	3	24
2	24295021	24296521	2	6
2	24959797	24961297	35	124
2	24959797	24961297	35	124
2	25552075	25553575	2	6
2	25552075	25553575	2	6
2	26708341	26709841	0	0
2	27120068	27121568	5	9
2	27768845	27770345	0	8
2	27939471	27940971	4	0
2	27987542	27989042	3	3
2	28349907	28351407	2	6
2	29410658	29412158	0	2
2	29988844	29990344	0	4
2	30388110	30389610	0	3
2	30388110	30389610	0	3
2	30533378	30534878	4	10
2	30533378	30534878	4	10
2	30533378	30534878	4	10
2	30989378	30990878	3	3
2	33436531	33438031	4	6
2	33457403	33458903	4	2
2	33549073	33550573	0	1
2	34081269	34082769	46	80
2	34081269	34082769	46	80
2	34081269	34082769	46	80
2	35544602	35546102	2	0
2	35997555	35999055	0	5
2	35997555	35999055	0	5
2	36693332	36694832	2	7
2	38744725	38746225	2	0
2	43091867	43093367	6	10
2	43298785	43300285	2	2
2	43582378	43583878	6	265
2	43706445	43707945	14	66
2	43706445	43707945	14	66
2	44101681	44103181	64	212
2	44204146	44205646	7	2
2	45429849	45431349	14	7
2	45549195	45550695	2	4
2	45755536	45757036	0	2
2	48113954	48115454	8	12
2	49011079	49012579	6	5
2	49011079	49012579	6	5
2	49011079	49012579	6	5
2	49590583	49592083	30	83
2	49590583	49592083	30	83
2	50620530	50622030	12	2
2	50695420	50696920	4	5
2	51508991	51510491	0	12
2	51527732	51529232	0	0
2	52843916	52845416	4	0
2	53787115	53788615	10	2
2	57480607	57482107	36	144
2	57966914	57968414	4	2
2	58174487	58175987	59	188
2	59229240	59230740	0	4
2	59360528	59362028	0	0
2	59360528	59362028	0	0
2	59473194	59474694	0	2
2	59473194	59474694	0	2
2	59561114	59562614	0	2
2	59561114	59562614	0	2
2	61991364	61992864	4	2
2	65544285	65545785	8	16
2	68592066	68593566	8	8
2	71040200	71041700	2	4
2	81415421	81416921	4	18
2	85516897	85518397	0	4
2	92152770	92154270	4	5
2	94749208	94750708	4	6
2	95787123	95788623	2	2
2	106491268	106492768	0	6
2	106629900	106631400	6	2
2	106903147	106904647	5	4
2	113038104	113039604	62	34
2	114662592	114664092	2	6
2	117755964	117757464	0	2
2	117907880	117909380	4	4
2	122475413	122476913	0	7
2	122475413	122476913	0	7
2	132243762	132245262	0	0
2	133577506	133579006	0	0
2	133582099	133583599	0	0
2	133770845	133772345	2	2
2	135505504	135507004	8	6
2	137364815	137366315	2	2
2	137852555	137854055	2	8
2	145688381	145689881	4	6
2	147268761	147270261	0	10
2	150215929	150217429	2	0
2	150961219	150962719	2	4
2	153247802	153249302	2	3
2	154630657	154632157	4	0
2	154630657	154632157	4	0
2	154745993	154747493	2	2
2	157222956	157224456	0	14
2	158133866	158135366	0	0
2	158563427	158564927	16	12
2	158563427	158564927	16	12
2	158563427	158564927	16	12
2	161146291	161147791	2	6
2	161146291	161147791	2	6
2	162402445	162403945	2	4
2	162857598	162859098	2	4
2	165689684	165691184	2	8
2	166841621	166843121	4	2
2	167729210	167730710	2	6
2	169623424	169624924	122	401
2	170600641	170602141	2	2
2	174588103	174589603	0	2
2	174868550	174870050	19	10
2	175505166	175506666	2	2
2	177074899	177076399	0	0
2	177985492	177986992	2	2
2	179273024	179274524	2	6
2	180836844	180838344	2	4
2	181871595	181873095	6	8
2	182512911	182514411	1	4
2	183698134	183699634	0	0
2	185945481	185946981	2	7
2	185945481	185946981	2	7
2	185945481	185946981	2	7
2	186873336	186874836	6	6
2	187821656	187823156	4	2
2	188138025	188139525	2	4
2	188162535	188164035	40	136
2	188845087	188846587	0	8
2	189517235	189518735	2	4
2	189517235	189518735	2	4
2	189517235	189518735	2	4
2	189517235	189518735	2	4
2	189517235	189518735	2	4
2	189517235	189518735	2	4
2	189706205	189707705	4	6
2	189707364	189708864	4	1
2	189796589	189798089	2	6
2	191722801	191724301	5	8
2	191777849	191779349	8	44
2	192996471	192997971	6	92
2	193009237	193010737	2	2
2	193716043	193717543	0	7
2	193716043	193717543	0	7
2	194596599	194598099	11	226
2	195895795	195897295	2	5
2	195895795	195897295	2	5
2	195895795	195897295	2	5
2	196583817	196585317	0	3
2	196583817	196585317	0	3
2	196583817	196585317	0	3
2	196689494	196690994	0	2
2	198176578	198178078	4	32
2	199482327	199483827	0	4
2	199595576	199597076	2	0
2	199595576	199597076	2	0
2	199679579	199681079	2	8
2	199711742	199713242	0	0
2	200528870	200530370	0	0
2	201391406	201392906	0	0
2	201504641	201506141	10	2
2	201670754	201672254	6	3
2	201911044	201912544	8	20
2	201914178	201915678	2	10
2	201963527	201965027	10	24
2	202085411	202086911	6	6
2	202415891	202417391	2	2
2	202588298	202589798	2	9
2	203273963	203275463	2	4
2	205993533	205995033	2	4
2	206065839	206067339	2	11
2	206586712	206588212	97	131
2	206592087	206593587	2	4
2	206592087	206593587	2	4
2	207694606	207696106	2	0
2	208169854	208171354	0	4
2	208891470	208892970	1	4
2	209416848	209418348	0	2
2	210089731	210091231	4	2
2	210171903	210173403	3	84
2	210695604	210697104	2	4
2	210785469	210786969	2	3
2	210842272	210843772	2	0
2	211248820	211250320	2	4
2	211619980	211621480	3	5
2	211694233	211695733	10	32
2	211694233	211695733	10	32
2	211724478	211725978	2	4
2	212641694	212643194	24	171
2	213740901	213742401	2	2
2	213804344	213805844	44	148
2	213804344	213805844	44	148
2	213804344	213805844	44	148
2	213804344	213805844	44	148
2	213804344	213805844	44	148
2	213804344	213805844	44	148
2	214239810	214241310	4	2
2	214471464	214472964	4	8
2	214537222	214538722	2	2
2	214682529	214684029	50	67
2	216121021	216122521	12	138
2	217342835	217344335	16	6
2	217342835	217344335	16	6
2	219292809	219294309	0	0
2	219962606	219964106	0	2
2	219969680	219971180	6	46
2	219969680	219971180	6	46
2	219969680	219971180	6	46
2	222296912	222298412	2	2
2	222296912	222298412	2	2
2	222480037	222481537	0	4
2	222487036	222488536	6	0
2	223633679	223635179	9	4
2	223633679	223635179	9	4
2	223633679	223635179	9	4
2	223668729	223670229	3	7
2	223668729	223670229	3	7
2	223668729	223670229	3	7
2	224441712	224443212	128	145
2	225206322	225207822	2	4
2	225339244	225340744	5	8
2	225868891	225870391	0	3
2	225868891	225870391	0	3
2	226143198	226144698	28	42
2	226143198	226144698	28	42
2	226143198	226144698	28	42
2	226143198	226144698	28	42
2	226143198	226144698	28	42
2	226143198	226144698	28	42
2	226143198	226144698	28	42
2	226143198	226144698	28	42
2	226143198	226144698	28	42
2	226922507	226924007	0	6
2	229753222	229754722	0	2
2	231672422	231673922	2	4
2	231921082	231922582	6	6
2	233700984	233702484	16	30
2	235051696	235053196	12	30
2	235971116	235972616	8	0
2	237887441	237888941	4	2
2	237887441	237888941	4	2
2	237887441	237888941	4	2
2	240324445	240325945	0	1
2	240826393	240827893	0	0
2	240826393	240827893	0	0
2	241016615	241018115	14	44
2	241016615	241018115	14	44
2	241016615	241018115	14	44
2	241898138	241899638	0	3
2	241902615	241904115	0	3
2	241926996	241928496	2	4
2	242407695	242409195	14	6
2	242868590	242870090	115	12
2	244320805	244322305	0	0
8	76622	78122	9	19
8	783721	785221	2	2
8	2033108	2034608	91	59
8	2033108	2034608	91	59
8	3774905	3776405	8	6
8	5577197	5578697	0	2
8	6698139	6699639	0	16
8	6698139	6699639	0	16
8	8114188	8115688	2	0
8	8618533	8620033	8	26
8	8630737	8632237	4	21
8	8698528	8700028	16	40
8	13145141	13146641	16	20
8	13145141	13146641	16	20
8	14169717	14171217	24	39
8	14283242	14284742	4	14
8	14283242	14284742	4	14
8	17398365	17399865	4	2
8	19521820	19523320	2	12
8	19549062	19550562	1	3
8	20659019	20660519	4	6
8	20659019	20660519	4	6
8	21358783	21360283	6	6
8	21986106	21987606	2	9
8	21986106	21987606	2	9
8	21986106	21987606	2	9
8	23542542	23544042	2	2
8	23554173	23555673	2	4
8	23812842	23814342	2	4
8	24434111	24435611	2	2
8	24434111	24435611	2	2
8	24434111	24435611	2	2
8	24527589	24529089	4	6
8	24527589	24529089	4	6
8	24527589	24529089	4	6
8	27583007	27584507	2	2
8	27987294	27988794	2	20
8	28568168	28569668	7	16
8	28617425	28618925	8	2
8	28719644	28721144	22	32
8	29047926	29049426	1	0
8	29098906	29100406	64	71
8	30113564	30115064	0	2
8	30113564	30115064	0	2
8	30335947	30337447	2	2
8	30675241	30676741	0	18
8	34794467	34795967	2	0
8	39849492	39850992	4	3
8	40629094	40630594	0	0
8	40629094	40630594	0	0
8	53993255	53994755	3	10
8	53993255	53994755	3	10
8	53993255	53994755	3	10
8	57437030	57438530	4	1
8	57437030	57438530	4	1
8	62581364	62582864	2	10
8	62581364	62582864	2	10
8	65150443	65151943	8	0
8	65781410	65782910	2	2
8	65781410	65782910	2	2
8	67034215	67035715	2	6
8	70022122	70023622	0	28
8	71899523	71901023	116	189
8	71899523	71901023	116	189
8	71899523	71901023	116	189
8	71899523	71901023	116	189
8	71899523	71901023	116	189
8	71899523	71901023	116	189
8	71899523	71901023	116	189
8	71899523	71901023	116	189
8	71899523	71901023	116	189
8	71899523	71901023	116	189
8	71899523	71901023	116	189
8	72168414	72169914	0	4
8	72762170	72763670	0	4
8	72762170	72763670	0	4
8	72860164	72861664	0	0
8	72860164	72861664	0	0
8	74049315	74050815	2	4
8	74204128	74205628	0	4
8	75151932	75153432	11	30
8	75151932	75153432	11	30
8	81565526	81567026	2	0
8	81763683	81765183	4	0
8	82520546	82522046	0	3
8	84727701	84729201	0	0
8	85574018	85575518	2	4
8	86772769	86774269	6	10
8	88358892	88360392	0	2
8	91819385	91820885	9	21
8	91819385	91820885	9	21
8	91819385	91820885	9	21
8	91945184	91946684	0	2
8	91945184	91946684	0	2
8	91945184	91946684	0	2
8	93547283	93548783	0	4
8	95290033	95291533	0	4
8	96813230	96814730	1	0
8	98861802	98863302	0	0
8	101130577	101132077	1	8
8	103504231	103505731	0	0
8	103504231	103505731	0	0
8	103880482	103881982	12	33
8	104783147	104784647	0	7
8	110719107	110720607	0	0
8	112188508	112190008	2	0
8	113175369	113176869	2	4
8	113175369	113176869	2	4
8	113394077	113395577	2	0
8	115435109	115436609	10	40
8	116263102	116264602	0	2
8	116263102	116264602	0	2
8	116263102	116264602	0	2
8	117145840	117147340	2	4
8	117764218	117765718	2	4
8	119044452	119045952	0	4
8	119422527	119424027	2	21
8	119422527	119424027	2	21
8	119422527	119424027	2	21
8	119422527	119424027	2	21
8	121005820	121007320	7	8
8	121510468	121511968	4	2
8	122790497	122791997	2	11
8	122946921	122948421	4	9
8	122976749	122978249	3	13
8	124483436	124484936	4	2
8	125144644	125146144	2	9
8	126503141	126504641	15	23
8	126503141	126504641	15	23
8	126503141	126504641	15	23
8	128342249	128343749	0	6
8	128622832	128624332	10	4
8	128622832	128624332	10	4
8	128622832	128624332	10	4
8	128601960	128603460	10	57
8	128719707	128721207	2	0
8	132970022	132971522	2	2
8	134966297	134967797	2	12
8	135037905	135039405	6	4
8	135052001	135053501	8	2
8	135486119	135487619	12	10
8	137875116	137876616	4	2
8	137996933	137998433	20	69
8	138013214	138014714	2	3
8	140027575	140029075	4	2
8	142644175	142645675	4	8
8	142998025	142999525	8	28
8	143019695	143021195	12	18
8	143166732	143168232	0	5
8	144288203	144289703	4	1
8	144413152	144414652	0	14
8	145549689	145551189	4	2
8	145824712	145826212	10	2
8	145824712	145826212	10	2
8	145824712	145826212	10	2
8	145824712	145826212	10	2
8	145824712	145826212	10	2
8	145824712	145826212	10	2
8	145824712	145826212	10	2
8	145824712	145826212	10	2
8	145824712	145826212	10	2
8	145824712	145826212	10	2
8	145824712	145826212	10	2
8	146408219	146409719	2	4
8	149666369	149667869	2	12
8	150851204	150852704	0	2
8	157136714	157138214	10	24
8	157136714	157138214	10	24
8	157425995	157427495	4	12
8	157635613	157637113	20	42
8	157648540	157650040	0	0
8	157693657	157695157	0	9
8	159180513	159182013	4	2
8	161412979	161414479	0	10
8	161453835	161455335	2	0
8	162061147	162062647	156	83
8	162781561	162783061	2	10
8	162781561	162783061	2	10
8	163836344	163837844	2	8
8	163869679	163871179	23	59
8	164317910	164319410	10	8
8	165303523	165305023	2	0
8	165345386	165346886	0	4
8	168722555	168724055	2	0
8	168722555	168724055	2	0
8	169117061	169118561	0	2
8	169546499	169547999	0	2
8	170109027	170110527	2	16
8	170118070	170119570	4	0
8	170361957	170363457	2	0
8	170776809	170778309	0	8
8	170792903	170794403	2	1
8	171086513	171088013	14	64
8	171235731	171237231	0	3
8	171235731	171237231	0	3
8	171345709	171347209	0	0
8	171426634	171428134	4	37
8	172026729	172028229	39	186
8	172399471	172400971	30	81
8	172698749	172700249	5	3
8	173434429	173435929	0	2
8	173693140	173694640	2	2
8	174182686	174184186	5	2
8	174182686	174184186	5	2
8	174182686	174184186	5	2
8	174182686	174184186	5	2
8	175183942	175185442	2	2
8	175356855	175358355	8	2
8	176045167	176046667	14	16
8	176647813	176649313	5	6
8	176647813	176649313	5	6
8	176780292	176781792	5	2
8	177055256	177056756	12	3
8	177768068	177769568	38	209
8	178778303	178779803	0	4
8	178778303	178779803	0	4
8	178778303	178779803	0	4
8	178789766	178791266	6	6
8	178789766	178791266	6	6
8	178789766	178791266	6	6
8	179487826	179489326	0	2
8	179568811	179570311	16	171
8	179673354	179674854	2	56
8	180848401	180849901	0	8
8	180901286	180902786	12	12
8	181002795	181004295	6	2
5	928018	929518	1	0
5	1291224	1292724	6	8
5	1291224	1292724	6	8
5	2234759	2236259	2	28
5	2234759	2236259	2	28
5	2332527	2334027	1	8
5	2332527	2334027	1	8
5	2354513	2356013	4	4
5	2354513	2356013	4	4
5	2370031	2371531	2	3
5	2386556	2388056	0	6
5	2444779	2446279	2	29
5	3488366	3489866	4	16
5	3488366	3489866	4	16
5	3603727	3605227	10	10
5	4446821	4448321	0	4
5	4605469	4606969	14	12
5	4687274	4688774	24	568
5	4869603	4871103	2	3
5	5334126	5335626	2	3
5	5334126	5335626	2	3
5	5372242	5373742	22	64
5	5413767	5415267	36	80
5	5413767	5415267	36	80
5	5413767	5415267	36	80
5	5642823	5644323	4	6
5	5642823	5644323	4	6
5	6395505	6397005	2	8
5	6951560	6953060	13	133
5	7062277	7063777	0	4
5	7368087	7369587	4	18
5	7525727	7527227	0	1
5	8853823	8855323	0	2
5	8889857	8891357	0	4
5	9979916	9981416	2	0
5	10171155	10172655	0	4
5	10263713	10265213	2	8
5	11029653	11031153	2	4
5	11711988	11713488	777	553
5	11711988	11713488	777	553
5	11711988	11713488	777	553
5	12229706	12231206	2	32
5	12645141	12646641	4	2
5	12789265	12790765	10	10
5	12954705	12956205	0	0
5	12964408	12965908	2	6
5	12964408	12965908	2	6
5	12964408	12965908	2	6
5	13588727	13590227	0	0
5	13658653	13660153	29	70
5	13658653	13660153	29	70
5	14540240	14541740	2	2
5	16204069	16205569	2	7
5	18393183	18394683	2	0
5	18393183	18394683	2	0
5	18393183	18394683	2	0
5	18630981	18632481	2	4
5	18917646	18919146	0	2
5	19096016	19097516	0	4
5	19096016	19097516	0	4
5	19608162	19609662	0	2
5	19722827	19724327	2	1
5	19722827	19724327	2	1
5	19722827	19724327	2	1
5	19722827	19724327	2	1
5	19722827	19724327	2	1
5	19722827	19724327	2	1
5	19722827	19724327	2	1
5	19722827	19724327	2	1
5	19722827	19724327	2	1
5	22199515	22201015	0	0
5	22199515	22201015	0	0
5	22199515	22201015	0	0
5	22496734	22498234	2	16
5	23179469	23180969	0	0
5	24681234	24682734	4	53
5	24681234	24682734	4	53
5	24982948	24984448	6	0
5	25433846	25435346	53	52
5	26131024	26132524	4	2
5	28544551	28546051	2	0
5	28801806	28803306	4	0
5	28904290	28905790	0	2
5	29346456	29347956	12	2
5	29982511	29984011	0	0
5	29994193	29995693	6	6
5	30841773	30843273	0	2
5	31082842	31084342	2	5
5	31082842	31084342	2	5
5	32113106	32114606	6	10
5	33105519	33107019	2	3
5	33392733	33394233	2	4
5	33631930	33633430	0	0
5	33744314	33745814	0	6
5	34244483	34245983	4	4
5	36106594	36108094	1	18
5	36106594	36108094	1	18
5	36894381	36895881	0	2
5	36894381	36895881	0	2
5	37784958	37786458	0	7
5	39392734	39394234	8	2
5	39392734	39394234	8	2
5	40646457	40647957	2	2
5	42621333	42622833	0	2
5	42621333	42622833	0	2
5	42621333	42622833	0	2
5	44704862	44706362	2	4
5	44704862	44706362	2	4
5	46336460	46337960	8	0
5	46707303	46708803	3	2
5	46707303	46708803	3	2
5	46918169	46919669	2	3
5	47927633	47929133	4	10
5	48033203	48034703	2	15
5	48259780	48261280	20	101
5	52027800	52029300	44	587
5	53468769	53470269	6	14
5	53468769	53470269	6	14
5	53468769	53470269	6	14
5	53468769	53470269	6	14
5	54723156	54724656	0	6
5	55642859	55644359	0	4
5	55642859	55644359	0	4
5	55642859	55644359	0	4
5	55727563	55729063	42	215
5	55727563	55729063	42	215
5	55727563	55729063	42	215
5	55727573	55729073	42	215
5	55727573	55729073	42	215
5	55727573	55729073	42	215
5	55871941	55873441	2	4
5	55871941	55873441	2	4
5	55871941	55873441	2	4
5	58718501	58720001	0	2
5	58718501	58720001	0	2
5	59820057	59821557	3	4
5	60375917	60377417	0	6
5	61640576	61642076	3	6
5	61640576	61642076	3	6
5	62841188	62842688	4	8
5	64425735	64427235	4	2
5	65479990	65481490	5	4
5	65525775	65527275	2	0
5	67367330	67368830	2	0
5	71221936	71223436	0	2
5	71268467	71269967	0	4
5	71289174	71290674	4	2
5	71289174	71290674	4	2
5	71289174	71290674	4	2
5	71289174	71290674	4	2
5	72028738	72030238	0	4
5	72077215	72078715	8	54
5	72793988	72795488	4	4
5	73082286	73083786	2	6
5	75191664	75193164	38	414
5	75365376	75366876	5	2
5	76529161	76530661	17	6
5	76529161	76530661	17	6
5	76650507	76652007	4	28
5	76650507	76652007	4	28
5	83964177	83965677	2	0
5	84612521	84614021	12	53
5	84612521	84614021	12	53
5	84612521	84614021	12	53
5	84613161	84614661	14	48
5	86474220	86475720	2	2
5	86474220	86475720	2	2
5	86474220	86475720	2	2
5	87516860	87518360	5	4
5	89295122	89296622	0	2
5	89676761	89678261	7	227
5	91463357	91464857	10	6
5	95620342	95621842	0	10
5	99041431	99042931	4	5
5	99074510	99076010	8	7
5	100022067	100023567	7	2
5	100129720	100131220	1	4
5	101919417	101920917	0	2
5	103854788	103856288	66	38
5	119207644	119209144	2	2
5	123922530	123924030	2	8
5	123922530	123924030	2	8
5	124315960	124317460	4	1
5	124315960	124317460	4	1
5	127014024	127015524	0	6
5	135999546	136001046	0	6
5	135999546	136001046	0	6
5	135999546	136001046	0	6
5	140074057	140075557	4	4
5	140074057	140075557	4	4
5	140141121	140142621	0	0
5	140141121	140142621	0	0
5	140151094	140152594	2	0
5	140151094	140152594	2	0
5	140215466	140216966	0	3
5	140215466	140216966	0	3
5	140762779	140764279	19	6
5	140762779	140764279	19	6
5	141753452	141754952	0	8
5	141753452	141754952	0	8
5	144808406	144809906	12	18
5	145522324	145523824	1	3
5	145522324	145523824	1	3
5	153718775	153720275	6	20
5	155925763	155927263	4	4
5	157725511	157727011	0	6
5	162373454	162374954	0	2
5	162994367	162995867	6	8
5	163741865	163743365	16	25
5	165943432	165944932	2	4
5	166567491	166568991	6	6
5	167130895	167132395	4	3
5	167998933	168000433	2	1
5	168751444	168752944	4	4
5	168790874	168792374	7	2
5	171156876	171158376	2	2
5	171902271	171903771	21	92
5	172183264	172184764	8	171
5	174492664	174494164	2	20
5	175542104	175543604	12	54
5	175769561	175771061	28	58
5	176186350	176187850	4	2
5	176500860	176502360	0	2
5	177053812	177055312	4	7
5	177540197	177541697	2	6
5	177559915	177561415	4	2
5	177559915	177561415	4	2
5	178249405	178250905	2	6
5	179612479	179613979	2	8
5	179685531	179687031	0	2
5	179754601	179756101	15	49
5	180146979	180148479	28	207
5	180643525	180645025	2	9
5	180966088	180967588	8	12
5	180966088	180967588	8	12
5	181021647	181023147	4	4
5	181886805	181888305	7	20
5	181886805	181888305	7	20
5	184495709	184497209	2	4
5	186103976	186105476	9	6
5	186380983	186382483	2	0
5	187054414	187055914	17	80
5	187054414	187055914	17	80
5	188031923	188033423	6	7
5	188031923	188033423	6	7
5	188031923	188033423	6	7
5	191152174	191153674	2	12
5	192890118	192891618	3	4
5	193002085	193003585	5	3
5	193685796	193687296	58	463
5	193724001	193725501	2	2
5	194001524	194003024	0	2
5	195861504	195863004	0	0
5	197281392	197282892	4	2
5	197728245	197729745	2	10
5	198492474	198493974	2	6
5	198527405	198528905	0	0
5	198527405	198528905	0	0
5	200658411	200659911	2	4
5	201444239	201445739	4	2
5	201444239	201445739	4	2
5	201590705	201592205	1	2
5	203489490	203490990	3	0
5	203489490	203490990	3	0
5	204909256	204910756	2	6
5	205041879	205043379	13	160
5	205041879	205043379	13	160
5	205055209	205056709	18	77
5	205055209	205056709	18	77
5	205377133	205378633	9	1
5	205896970	205898470	4	8
5	206879905	206881405	0	6
5	207481554	207483054	2	4
5	207481554	207483054	2	4
5	207481554	207483054	2	4
5	209613260	209614760	3	8
5	209708830	209710330	0	8
5	209708830	209710330	0	8
5	209708534	209710034	0	4
5	210408618	210410118	219	298
5	210408618	210410118	219	298
5	210408618	210410118	219	298
5	210408618	210410118	219	298
5	212217438	212218938	0	8
5	212217438	212218938	0	8
5	212482686	212484186	2	6
5	212482686	212484186	2	6
5	212499900	212501400	0	2
5	212542656	212544156	8	17
5	213920299	213921799	0	4
5	214128553	214130053	1	14
5	215694788	215696288	4	2
5	215694788	215696288	4	2
5	215694788	215696288	4	2
5	215694788	215696288	4	2
5	215694788	215696288	4	2
5	215694788	215696288	4	2
5	215694788	215696288	4	2
5	216606098	216607598	4	38
5	216632702	216634202	0	5
5	216734829	216736329	4	7
5	217165848	217167348	0	0
5	217592121	217593621	0	4
5	217637865	217639365	0	4
5	218522559	218524059	6	2
5	218587559	218589059	22	47
5	219961014	219962514	10	4
5	220829979	220831479	0	8
5	220829979	220831479	0	8
5	221334367	221335867	4	2
5	221374925	221376425	6	2
5	221691439	221692939	24	103
5	221866463	221867963	11	65
5	222429570	222431070	0	2
7	907414	908914	2	2
7	1021757	1023257	0	12
7	1422394	1423894	18	26
7	4085928	4087428	5	4
7	4085928	4087428	5	4
7	5052891	5054391	194	194
7	5052891	5054391	194	194
7	5052891	5054391	194	194
7	5232060	5233560	3	2
7	5386875	5388375	61	242
7	5386875	5388375	61	242
7	5386875	5388375	61	242
7	5407914	5409414	4	4
7	5407914	5409414	4	4
7	5407914	5409414	4	4
7	6966094	6967594	0	0
7	7470590	7472090	0	2
7	7666748	7668248	0	0
7	8352937	8354437	19	42
7	9995013	9996513	2	1
7	9995013	9996513	2	1
7	10399303	10400803	3	0
7	10399303	10400803	3	0
7	10399303	10400803	3	0
7	10647216	10648716	3	2
7	11249382	11250882	4	7
7	11419492	11420992	2	0
7	11419492	11420992	2	0
7	11419492	11420992	2	0
7	14493700	14495200	4	1
7	14493700	14495200	4	1
7	19282807	19284307	2	2
7	23212930	23214430	4	2
7	23592426	23593926	4	2
7	23592426	23593926	4	2
7	23849855	23851355	2	4
7	23982369	23983869	2	0
7	24039356	24040856	0	6
7	24100882	24102382	2	4
7	24210071	24211571	18	9
7	24335969	24337469	2	0
7	24362166	24363666	0	0
7	24772323	24773823	0	4
7	26216428	26217928	6	12
7	26216428	26217928	6	12
7	27566011	27567511	6	10
7	32450260	32451760	0	0
7	32456836	32458336	2	4
7	32621929	32623429	2	2
7	32841962	32843462	4	2
7	32959172	32960672	0	4
7	32959172	32960672	0	4
7	34487961	34489461	31	46
7	36177889	36179389	0	0
7	38307675	38309175	0	5
7	38450081	38451581	5	6
7	45125970	45127470	2	2
7	54092693	54094193	6	6
7	63197451	63198951	0	6
7	63197451	63198951	0	6
7	84826006	84827506	8	4
7	84826006	84827506	8	4
7	84826006	84827506	8	4
7	84826006	84827506	8	4
7	84826006	84827506	8	4
7	84826006	84827506	8	4
7	84826006	84827506	8	4
7	84826006	84827506	8	4
7	84826006	84827506	8	4
7	85993659	85995159	2	6
7	92289930	92291430	2	7
7	92289930	92291430	2	7
7	97679746	97681246	2	4
7	97815902	97817402	2	5
7	98652009	98653509	4	0
7	98841746	98843246	6	2
7	98841746	98843246	6	2
7	100203794	100205294	4	2
7	100358175	100359675	10	9
7	100655060	100656560	23	16
7	103498036	103499536	0	4
7	108774478	108775978	2	2
7	110022225	110023725	2	12
7	110022225	110023725	2	12
7	111022897	111024397	6	2
7	111022897	111024397	6	2
7	111819330	111820830	0	4
7	111957019	111958519	1	8
7	112538627	112540127	2	0
7	115738490	115739990	2	16
7	116266722	116268222	2	2
7	119112750	119114250	6	32
7	119112750	119114250	6	32
7	119112750	119114250	6	32
7	119139649	119141149	2	2
7	119139649	119141149	2	2
7	119139649	119141149	2	2
7	121207571	121209071	2	10
7	122397542	122399042	24	95
7	122585114	122586614	0	2
7	125485269	125486769	2	7
7	125509140	125510640	0	6
7	125661008	125662508	4	8
7	128316192	128317692	6	14
7	129796898	129798398	32	282
7	131828894	131830394	34	14
7	132647468	132648968	0	0
7	133989554	133991054	2	0
7	134728329	134729829	2	1
7	135137697	135139197	2	2
7	135137697	135139197	2	2
7	138835458	138836958	0	4
7	138835458	138836958	0	4
7	138835458	138836958	0	4
7	140754408	140755908	0	4
7	141951190	141952690	0	9
7	143315001	143316501	2	8
7	144660831	144662331	4	4
7	144744403	144745903	12	9
7	144744403	144745903	12	9
7	144973002	144974502	0	4
7	145560993	145562493	4	0
7	146462525	146464025	6	5
7	146494203	146495703	6	71
7	146510184	146511684	37	221
7	146808739	146810239	194	635
7	147162459	147163959	2	6
7	147631776	147633276	18	49
7	147964757	147966257	2	1
7	147972140	147973640	104	198
7	148070732	148072232	13	75
7	148164694	148166194	9	10
7	148190762	148192262	2	2
7	148336374	148337874	51	238
7	149124322	149125822	9	4
7	149166346	149167846	2	4
7	149697213	149698713	0	9
7	149734354	149735854	0	0
7	149734354	149735854	0	0
7	151508562	151510062	0	8
7	151792433	151793933	2	4
7	151792433	151793933	2	4
7	151792433	151793933	2	4
7	151796984	151798484	2	10
7	151796984	151798484	2	10
7	152283780	152285280	34	163
7	152283780	152285280	34	163
7	152283780	152285280	34	163
7	152283780	152285280	34	163
7	152283780	152285280	34	163
7	152283780	152285280	34	163
7	152283780	152285280	34	163
7	152283780	152285280	34	163
7	152283780	152285280	34	163
7	152283780	152285280	34	163
7	152283780	152285280	34	163
7	152446892	152448392	2	8
7	153198445	153199945	2	4
7	154118353	154119853	8	8
7	155403186	155404686	2	4
7	155737042	155738542	2	8
7	157734257	157735757	8	0
7	158179817	158181317	12	103
7	159560272	159561772	6	14
7	159560272	159561772	6	14
7	159560272	159561772	6	14
7	159575603	159577103	20	201
7	160069176	160070676	4	4
7	160255705	160257205	2	6
7	160395679	160397179	0	1
7	160600414	160601914	6	6
7	161610916	161612416	3	9
7	161620532	161622032	40	166
7	161772070	161773570	2	49
7	162528559	162530059	5	12
7	162637339	162638839	88	191
7	162637339	162638839	88	191
7	162866572	162868072	0	14
7	162968080	162969580	88	121
7	162968080	162969580	88	121
7	162968080	162969580	88	121
7	162968080	162969580	88	121
7	162968080	162969580	88	121
7	162968080	162969580	88	121
7	162968080	162969580	88	121
7	162968080	162969580	88	121
7	162968080	162969580	88	121
7	162968080	162969580	88	121
7	162968080	162969580	88	121
7	163139126	163140626	0	2
7	163567084	163568584	28	62
7	163784585	163786085	6	8
7	165356906	165358406	4	4
7	165715406	165716906	0	2
7	165738934	165740434	256	484
7	165738934	165740434	256	484
7	165738934	165740434	256	484
7	165738934	165740434	256	484
7	165738934	165740434	256	484
7	165738934	165740434	256	484
7	166375246	166376746	6	16
7	166375246	166376746	6	16
7	166382108	166383608	3	4
7	166552478	166553978	2	2
7	166608763	166610263	6	2
7	166768647	166770147	35	64
7	167520571	167522071	0	0
7	167520571	167522071	0	0
7	167542499	167543999	17	236
7	167780355	167781855	0	2
7	167780355	167781855	0	2
7	168433937	168435437	8	25
7	170790970	170792470	0	0
7	170885332	170886832	5	64
7	171183295	171184795	0	5
7	171183295	171184795	0	5
7	171183295	171184795	0	5
7	171983109	171984609	28	92
7	172169913	172171413	24	48
7	172472928	172474428	4	3
7	172488694	172490194	2	2
7	173167296	173168796	4	6
7	173197211	173198711	2	4
7	173378234	173379734	10	6
7	173806744	173808244	0	4
7	173849976	173851476	0	4
7	173938301	173939801	8	10
7	173938301	173939801	8	10
7	174086849	174088349	6	8
7	174086849	174088349	6	8
7	174086849	174088349	6	8
7	174700164	174701664	2	12
7	176509773	176511273	0	0
7	177649176	177650676	2	0
7	177954827	177956327	4	3
7	177954827	177956327	4	3
7	177954827	177956327	4	3
7	178000298	178001798	14	14
7	178000298	178001798	14	14
7	178000298	178001798	14	14
7	178137828	178139328	6	5
7	178727981	178729481	11	29
7	178852695	178854195	0	4
7	179272873	179274373	4	6
7	179272873	179274373	4	6
7	179272873	179274373	4	6
7	179780741	179782241	6	65
7	179787793	179789293	2	7
7	179787793	179789293	2	7
7	179787793	179789293	2	7
7	179796298	179797798	0	0
7	180097157	180098657	7	4
7	180508587	180510087	6	22
7	181719257	181720757	0	8
7	182155833	182157333	4	12
10	1447853	1449353	0	0
10	2047298	2048798	4	2
10	2366346	2367846	0	4
10	3593888	3595388	8	5
10	3593888	3595388	8	5
10	3994907	3996407	5	0
10	3994907	3996407	5	0
10	3994907	3996407	5	0
10	4070443	4071943	4	0
10	4070443	4071943	4	0
10	4070443	4071943	4	0
10	4124973	4126473	0	4
10	4124973	4126473	0	4
10	4124973	4126473	0	4
10	4274343	4275843	4	4
10	5598455	5599955	9	36
10	5905958	5907458	0	2
10	8016877	8018377	6	10
10	8730664	8732164	0	3
10	10761553	10763053	0	2
10	12646463	12647963	4	2
10	12868435	12869935	2	4
10	12868435	12869935	2	4
10	12868435	12869935	2	4
10	14794157	14795657	0	2
10	15029181	15030681	2	0
10	15275163	15276663	4	0
10	17743759	17745259	2	0
10	17743759	17745259	2	0
10	22237725	22239225	4	0
10	22237725	22239225	4	0
10	22237725	22239225	4	0
10	22803035	22804535	2	5
10	28694928	28696428	0	4
10	29153674	29155174	2	7
10	29153674	29155174	2	7
10	30313944	30315444	0	10
10	30401000	30402500	6	5
10	30971520	30973020	0	0
10	36527738	36529238	17	68
10	41458019	41459519	2	3
10	41458019	41459519	2	3
10	41458019	41459519	2	3
10	60225179	60226679	0	2
10	60225179	60226679	0	2
10	65517390	65518890	7	24
10	67962922	67964422	0	4
10	68053718	68055218	2	6
10	68053718	68055218	2	6
10	68053718	68055218	2	6
10	68165308	68166808	7	34
10	68165308	68166808	7	34
10	68165308	68166808	7	34
10	68271788	68273288	0	4
10	68271788	68273288	0	4
10	68271788	68273288	0	4
10	68325459	68326959	2	2
10	68325459	68326959	2	2
10	68325459	68326959	2	2
10	68478441	68479941	5	0
10	68478441	68479941	5	0
10	68478441	68479941	5	0
10	72864516	72866016	4	6
10	74402609	74404109	4	2
10	74402609	74404109	4	2
10	74836084	74837584	2	268
10	74836084	74837584	2	268
10	75532571	75534071	0	2
10	75584278	75585778	6	15
10	76460961	76462461	151	444
10	76627321	76628821	6	16
10	78837511	78839011	2	6
10	79464955	79466455	1	3
10	79464955	79466455	1	3
10	83603546	83605046	6	4
10	84559154	84560654	0	2
10	85588259	85589759	3	12
10	86741634	86743134	0	2
10	86741634	86743134	0	2
10	86741634	86743134	0	2
10	87227672	87229172	6	2
10	90456894	90458394	6	2
10	90615258	90616758	2	0
10	90634450	90635950	0	0
10	90657009	90658509	2	0
10	90663003	90664503	8	0
10	91048215	91049715	2	7
10	91795481	91796981	4	3
10	94249243	94250743	0	0
10	94270602	94272102	0	2
10	96105576	96107076	0	0
10	96324810	96326310	8	2
10	96362816	96364316	0	2
10	99916607	99918107	0	8
10	99916607	99918107	0	8
10	100774778	100776278	2	4
10	100954562	100956062	2	5
10	100954562	100956062	2	5
10	100989840	100991340	0	2
10	101527464	101528964	1	6
10	101682433	101683933	4	16
10	104841197	104842697	0	0
10	108835325	108836825	4	2
10	110752799	110754299	4	2
10	112123993	112125493	4	4
10	118859426	118860926	1	4
10	118859426	118860926	1	4
10	119205379	119206879	0	4
10	120195266	120196766	2	3
10	120195266	120196766	2	3
10	122312735	122314235	0	2
10	122312735	122314235	0	2
10	122477560	122479060	5	24
10	123301851	123303351	0	6
10	123447537	123449037	2	8
10	123599026	123600526	0	0
10	123735147	123736647	0	2
10	124143806	124145306	10	73
10	124409076	124410576	6	2
10	124409076	124410576	6	2
10	125209197	125210697	2	0
10	125209197	125210697	2	0
10	125370971	125372471	6	14
10	126531742	126533242	2	4
10	126531742	126533242	2	4
10	128027034	128028534	0	4
10	128279529	128281029	0	16
10	128279529	128281029	0	16
10	128286794	128288294	2	2
10	128286794	128288294	2	2
10	129044322	129045822	50	134
10	129044322	129045822	50	134
10	129044322	129045822	50	134
10	129044322	129045822	50	134
10	130677809	130679309	1	2
10	131398706	131400206	4	6
10	131693641	131695141	58	126
10	131693641	131695141	58	126
10	131796076	131797576	2	6
10	131796076	131797576	2	6
10	131916682	131918182	5	0
10	132093786	132095286	2	6
10	132107537	132109037	2	2
10	132107537	132109037	2	2
10	133559874	133561374	2	0
10	133976640	133978140	0	4
10	135295417	135296917	0	2
10	136037819	136039319	4	3
10	136037819	136039319	4	3
10	137222044	137223544	12	12
10	137260072	137261572	4	23
10	137260072	137261572	4	23
10	137919958	137921458	4	64
10	137924928	137926428	4	16
10	138305439	138306939	0	8
10	139062429	139063929	45	339
10	139293768	139295268	2	3
10	139293768	139295268	2	3
10	140376176	140377676	3	0
10	140377693	140379193	0	1
10	140758598	140760098	1	29
10	140870673	140872173	110	84
10	140873740	140875240	146	80
10	141435801	141437301	0	4
10	141435801	141437301	0	4
10	141995009	141996509	0	8
10	141995009	141996509	0	8
10	141995009	141996509	0	8
10	142015433	142016933	3	0
10	142015433	142016933	3	0
10	142015433	142016933	3	0
10	142051895	142053395	77	141
10	142379794	142381294	13	4
10	142832763	142834263	14	64
10	143127213	143128713	20	27
10	144090288	144091788	0	4
10	144090288	144091788	0	4
10	145132662	145134162	0	0
10	145318669	145320169	6	54
10	145318669	145320169	6	54
10	145471125	145472625	2	2
10	148635516	148637016	1	2
10	148714856	148716356	114	147
10	148714856	148716356	114	147
10	148763512	148765012	112	320
10	149383669	149385169	56	34
10	150049330	150050830	2	8
10	150134232	150135732	4	10
10	150134232	150135732	4	10
1	214903	216403	0	0
1	1815514	1817014	2	8
1	1815514	1817014	2	8
1	2781903	2783403	0	1
1	2781903	2783403	0	1
1	2781903	2783403	0	1
1	3740739	3742239	10	8
1	3798515	3800015	4	26
1	3959300	3960800	5	8
1	4340041	4341541	0	19
1	4340041	4341541	0	19
1	5465750	5467250	2	9
1	5465750	5467250	2	9
1	5614449	5615949	7	6
1	5614449	5615949	7	6
1	5614449	5615949	7	6
1	5662589	5664089	64	219
1	5662589	5664089	64	219
1	5712286	5713786	2	2
1	5712286	5713786	2	2
1	6406153	6407653	43	66
1	7063043	7064543	2	6
1	7312102	7313602	2	2
1	8117784	8119284	2	0
1	8117784	8119284	2	0
1	8362014	8363514	0	2
1	8368095	8369595	0	1
1	8599111	8600611	2	3
1	8599111	8600611	2	3
1	8671354	8672854	87	759
1	10152391	10153891	2	6
1	11724610	11726110	0	4
1	12041589	12043089	0	4
1	12041589	12043089	0	4
1	12072317	12073817	0	2
1	12072317	12073817	0	2
1	12373888	12375388	54	439
1	12713065	12714565	18	23
1	15059190	15060690	22	64
1	15059190	15060690	22	64
1	16751906	16753406	2	4
1	16842024	16843524	10	23
1	20850526	20852026	2	2
1	22612735	22614235	20	31
1	23003511	23005011	4	0
1	23561868	23563368	2	14
1	24013574	24015074	4	4
1	24298123	24299623	8	115
1	25766512	25768012	7	10
1	26529325	26530825	2	3
1	27816413	27817913	11	16
1	28713876	28715376	38	30
1	30657301	30658801	4	2
1	31048530	31050030	11	40
1	31749726	31751226	6	4
1	31749726	31751226	6	4
1	31806247	31807747	2	0
1	31806247	31807747	2	0
1	32949799	32951299	4	8
1	32949799	32951299	4	8
1	33149846	33151346	8	14
1	33852410	33853910	2	12
1	34331446	34332946	0	2
1	34507764	34509264	0	6
1	34925403	34926903	2	6
1	38186938	38188438	0	6
1	38515176	38516676	4	24
1	39423304	39424804	0	35
1	39586411	39587911	7	48
1	40097704	40099204	2	4
1	40097704	40099204	2	4
1	40515515	40517015	4	14
1	40790008	40791508	90	466
1	41088088	41089588	14	221
1	41453240	41454740	10	10
1	41453240	41454740	10	10
1	41453240	41454740	10	10
1	41453240	41454740	10	10
1	41573103	41574603	2	2
1	41573103	41574603	2	2
1	41573103	41574603	2	2
1	41573103	41574603	2	2
1	43372990	43374490	1	2
1	43372990	43374490	1	2
1	43900180	43901680	8	4
1	44553395	44554895	28	207
1	44553395	44554895	28	207
1	44553395	44554895	28	207
1	44974070	44975570	15	71
1	45106095	45107595	8	10
1	45595914	45597414	12	30
1	46191597	46193097	2	2
1	46498895	46500395	3	5
1	47591091	47592591	2	5
1	48429626	48431126	2	0
1	48597085	48598585	2	5
1	52161848	52163348	2	2
1	52161848	52163348	2	2
1	52517690	52519190	7	25
1	52587487	52588987	0	31
1	52587487	52588987	0	31
1	52587487	52588987	0	31
1	52859772	52861272	4	12
1	54035820	54037320	11	18
1	54035820	54037320	11	18
1	54035820	54037320	11	18
1	56109629	56111129	2	0
1	57257183	57258683	0	14
1	57257183	57258683	0	14
1	57257183	57258683	0	14
1	59950623	59952123	2	5
1	60344232	60345732	2	8
1	61493251	61494751	0	0
1	61574295	61575795	28	19
1	63371703	63373203	0	4
1	63573227	63574727	0	4
1	63863652	63865152	2	10
1	63927318	63928818	6	12
1	64406552	64408052	0	5
1	65621274	65622774	2	2
1	65785675	65787175	2	3
1	65856473	65857973	14	36
1	66387200	66388700	6	6
1	67926389	67927889	2	18
1	68536971	68538471	2	0
1	69618304	69619804	2	2
1	70126029	70127529	0	0
1	70126029	70127529	0	0
1	70618120	70619620	0	0
1	72032320	72033820	8	32
1	74163782	74165282	4	14
1	74248436	74249936	0	2
1	76064155	76065655	0	0
1	79507857	79509357	2	6
1	80943886	80945386	1	4
1	81360953	81362453	5	0
1	82099210	82100710	11	26
1	82100246	82101746	20	35
1	82272478	82273978	4	4
1	84454990	84456490	2	7
1	85067069	85068569	44	166
1	86157431	86158931	2	0
1	86351222	86352722	26	66
1	88196224	88197724	0	1
1	88196224	88197724	0	1
1	89156703	89158203	14	28
1	92551607	92553107	0	2
1	94939936	94941436	0	2
1	94939936	94941436	0	2
1	95014253	95015753	0	2
1	95014253	95015753	0	2
1	97115769	97117269	5	3
1	99313880	99315380	4	0
1	101898589	101900089	2	2
1	107095692	107097192	4	0
1	107180209	107181709	2	0
1	107866617	107868117	2	12
1	108591134	108592634	3	6
1	108591134	108592634	3	6
1	109421462	109422962	4	66
1	109421462	109422962	4	66
1	109472698	109474198	10	17
1	109472698	109474198	10	17
1	113762280	113763780	0	4
1	115106850	115108350	0	0
1	115106850	115108350	0	0
1	115150137	115151637	4	6
1	115150137	115151637	4	6
1	115183015	115184515	2	2
1	115183015	115184515	2	2
1	121351960	121353460	2	2
1	126092183	126093683	8	4
1	129317107	129318607	2	11
1	134520008	134521508	0	12
1	134520008	134521508	0	12
1	139652846	139654346	4	0
1	141150918	141152418	3	2
1	142965043	142966543	0	4
1	146259489	146260989	0	4
1	146259489	146260989	0	4
1	149358654	149360154	2	8
1	152961452	152962952	0	0
1	155958518	155960018	2	0
1	155958518	155960018	2	0
1	155958518	155960018	2	0
1	155958518	155960018	2	0
1	157565433	157566933	2	16
1	159876875	159878375	4	4
1	162230719	162232219	54	46
1	162879229	162880729	0	4
1	163153468	163154968	8	8
1	163153468	163154968	8	8
1	168548311	168549811	1	14
1	169643406	169644906	2	0
1	172694821	172696321	2	6
1	177162596	177164096	4	0
1	178916351	178917851	2	5
1	179743678	179745178	3	0
1	182292107	182293607	50	290
1	182378167	182379667	2	2
1	182386094	182387594	4	0
1	182386094	182387594	4	0
1	183891562	183893062	12	22
1	183891562	183893062	12	22
1	184550924	184552424	0	2
1	186199011	186200511	95	211
1	189320061	189321561	2	2
1	189320061	189321561	2	2
1	191084127	191085627	0	6
1	191084127	191085627	0	6
1	191084127	191085627	0	6
1	191274795	191276295	3	10
1	191274795	191276295	3	10
1	191585051	191586551	0	0
1	193451711	193453211	4	9
1	193451711	193453211	4	9
1	194766198	194767698	0	2
1	197311291	197312791	1	5
1	198157299	198158799	6	10
1	198156946	198158446	6	10
1	198648578	198650078	4	36
1	199417077	199418577	0	0
1	200053634	200055134	2	14
1	200198989	200200489	4	12
1	206155272	206156772	0	4
1	206155272	206156772	0	4
1	206260034	206261534	2	0
1	206260034	206261534	2	0
1	206383948	206385448	0	6
1	206383948	206385448	0	6
1	209720047	209721547	0	4
1	209871805	209873305	0	6
1	211228817	211230317	5	20
1	211771301	211772801	2	0
1	212822128	212823628	4	0
1	213903619	213905119	0	0
1	213903619	213905119	0	0
1	214591887	214593387	4	4
1	214591887	214593387	4	4
1	214591887	214593387	4	4
1	214719669	214721169	0	2
1	215895905	215897405	6	4
1	215958280	215959780	0	7
1	216171455	216172955	0	7
1	216771972	216773472	80	279
1	216771972	216773472	80	279
1	216771972	216773472	80	279
1	216771972	216773472	80	279
1	216771972	216773472	80	279
1	217044151	217045651	2	0
1	217821854	217823354	0	8
1	217884047	217885547	2	2
1	218060517	218062017	4	20
1	220043311	220044811	2	10
1	220970335	220971835	2	32
1	221634388	221635888	38	222
1	223349470	223350970	4	2
1	225071691	225073191	0	6
1	225981558	225983058	4	8
1	229808577	229810077	11	29
1	229808577	229810077	11	29
1	230119439	230120939	2	0
1	231123115	231124615	4	2
1	232016818	232018318	0	14
1	233900027	233901527	12	16
1	234476722	234478222	30	11
1	234841943	234843443	2	35
1	235321619	235323119	1	6
1	237006492	237007992	2	0
1	237006492	237007992	2	0
1	237058057	237059557	0	2
1	237058057	237059557	0	2
1	237885808	237887308	2	6
1	240403079	240404579	16	22
1	240595205	240596705	0	12
1	241254757	241256257	0	4
1	241254757	241256257	0	4
1	241336548	241338048	1	2
1	241336548	241338048	1	2
1	241342505	241344005	2	2
1	241342505	241344005	2	2
1	241397144	241398644	6	6
1	241397144	241398644	6	6
1	241403608	241405108	0	8
1	241403608	241405108	0	8
1	241440141	241441641	0	3
1	241440141	241441641	0	3
1	241476943	241478443	3	8
1	241476943	241478443	3	8
1	242330388	242331888	4	0
1	242797195	242798695	2	2
1	243211163	243212663	4	6
1	244727137	244728637	0	0
1	246354067	246355567	8	12
1	246354067	246355567	8	12
1	246678739	246680239	6	15
1	247310909	247312409	0	3
1	248271187	248272687	0	2
1	248793392	248794892	4	4
1	250345963	250347463	3	4
1	251722994	251724494	24	6
1	251722994	251724494	24	6
1	251722994	251724494	24	6
1	251722994	251724494	24	6
1	251722994	251724494	24	6
1	251722994	251724494	24	6
1	251722994	251724494	24	6
1	251722994	251724494	24	6
1	251722994	251724494	24	6
1	251722994	251724494	24	6
1	251722994	251724494	24	6
1	251753657	251755157	16	0
1	251753657	251755157	16	0
1	251753657	251755157	16	0
1	251753657	251755157	16	0
1	251753657	251755157	16	0
1	251753657	251755157	16	0
1	251753657	251755157	16	0
1	251753657	251755157	16	0
1	251753657	251755157	16	0
1	251753657	251755157	16	0
1	251753657	251755157	16	0
1	251924625	251926125	2	4
1	252099176	252100676	6	6
1	252200787	252202287	3	1
1	252615117	252616617	0	2
1	253277699	253279199	2	2
1	254285991	254287491	2	2
1	255564519	255566019	2	3
1	257753937	257755437	0	0
1	258344014	258345514	0	6
1	258344014	258345514	0	6
1	258344014	258345514	0	6
1	258845263	258846763	9	2
1	258845263	258846763	9	2
1	258845263	258846763	9	2
1	259578890	259580390	8	10
1	260116121	260117621	2	4
1	260371954	260373454	1	3
1	260371954	260373454	1	3
1	261137855	261139355	0	0
1	264455840	264457340	0	8
1	265093468	265094968	6	4
1	265771256	265772756	6	16
1	265771256	265772756	6	16
1	267102210	267103710	0	4
1	267760424	267761924	4	4
1	267760424	267761924	4	4
1	267998632	268000132	6	12
1	267998632	268000132	6	12
1	267998632	268000132	6	12
1	268008904	268010404	0	2
1	268063567	268065067	4	4
1	268574554	268576054	2	10
1	269014051	269015551	0	2
1	269014051	269015551	0	2
1	269399663	269401163	2	0
1	270917085	270918585	6	64
1	271333838	271335338	0	0
1	272189270	272190770	505	425
1	272189270	272190770	505	425
1	272189270	272190770	505	425
1	272189270	272190770	505	425
1	273101764	273103264	4	3
1	274114679	274116179	7	10
1	274114679	274116179	7	10
1	275261743	275263243	2	0
1	275684215	275685715	2	0
1	277729330	277730830	25	25
1	278185321	278186821	4	4
1	279123552	279125052	0	0
1	280121614	280123114	10	2
1	280370432	280371932	10	30
1	283053694	283055194	8	4
1	283064588	283066088	7	5
1	283074494	283075994	8	6
1	283079493	283080993	16	8
1	283162311	283163811	4	8
1	285416447	285417947	2	2
1	287024278	287025778	7	17
1	287024278	287025778	7	17
1	287667086	287668586	2	13
1	287915630	287917130	0	3
1	288024417	288025917	2	0
1	288024417	288025917	2	0
1	288029585	288031085	28	36
1	288457972	288459472	4	30
1	288457972	288459472	4	30
1	288457972	288459472	4	30
1	289132311	289133811	2	10
1	289334287	289335787	1	0
1	290947322	290948822	4	0
1	292036126	292037626	4	5
1	292904093	292905593	0	17
1	292904093	292905593	0	17
1	292904093	292905593	0	17
1	295922427	295923927	20	74
1	296045417	296046917	0	2
1	296045417	296046917	0	2
1	296066356	296067856	0	4
1	296066356	296067856	0	4
1	296077644	296079144	0	0
1	296316213	296317713	4	4
1	296316213	296317713	4	4
1	296491095	296492595	2	4
1	297393913	297395413	0	0
1	297747593	297749093	29	45
1	298704539	298706039	20	74
1	299187693	299189193	0	0
1	299196264	299197764	22	21
1	299196264	299197764	22	21
1	299203252	299204752	10	268
1	299552083	299553583	2	2
1	299552083	299553583	2	2
1	300144669	300146169	2	4
1	301721755	301723255	14	39
1	302187639	302189139	4	4
1	303765808	303767308	0	0
1	304196047	304197547	243	467
1	304196047	304197547	243	467
1	304714056	304715556	4	5
1	304714056	304715556	4	5
1	305075330	305076830	0	2
1	305113859	305115359	1	6
1	305215304	305216804	84	118
6	799389	800889	2	2
6	839921	841421	2	6
6	1820713	1822213	0	6
6	1943121	1944621	4	4
6	3222766	3224266	57	43
6	3701448	3702948	2	0
6	3827452	3828952	4	6
6	3827452	3828952	4	6
6	4189624	4191124	0	2
6	4189624	4191124	0	2
6	4343874	4345374	2	6
6	5230425	5231925	4	4
6	5230425	5231925	4	4
6	5347399	5348899	0	1
6	5347399	5348899	0	1
6	5402615	5404115	0	0
6	5402615	5404115	0	0
6	5479729	5481229	0	0
6	5479729	5481229	0	0
6	5626548	5628048	0	6
6	5626548	5628048	0	6
6	5643675	5645175	0	0
6	5643675	5645175	0	0
6	5704986	5706486	4	8
6	5704986	5706486	4	8
6	6528948	6530448	0	6
6	7237033	7238533	34	67
6	8036161	8037661	2	7
6	18672737	18674237	0	6
6	18672737	18674237	0	6
6	21030720	21032220	0	0
6	21524071	21525571	0	0
6	27972065	27973565	17	26
6	28524506	28526006	2	6
6	37483182	37484682	0	0
6	37509646	37511146	4	6
6	38760353	38761853	26	27
6	40180265	40181765	2	0
6	45725611	45727111	2	4
6	52256066	52257566	2	0
6	58238087	58239587	2	2
6	60272326	60273826	2	4
6	60330773	60332273	2	0
6	60330773	60332273	2	0
6	62960816	62962316	4	6
6	65216358	65217858	0	27
6	68997881	68999381	2	0
6	69071921	69073421	2	8
6	69181330	69182830	6	8
6	77962439	77963939	0	2
6	87800083	87801583	0	0
6	89228679	89230179	0	3
6	91337946	91339446	30	152
6	91337946	91339446	30	152
6	91337946	91339446	30	152
6	91337946	91339446	30	152
6	91575585	91577085	7	4
6	93102941	93104441	5	2
6	93102941	93104441	5	2
6	93102941	93104441	5	2
6	96572395	96573895	0	0
6	97228739	97230239	0	0
6	97593444	97594944	2	6
6	99965766	99967266	2	1
6	100073177	100074677	24	4
6	100199404	100200904	4	6
6	101853366	101854866	2	2
6	101853366	101854866	2	2
6	101866735	101868235	0	0
6	101866735	101868235	0	0
6	101962052	101963552	5	4
6	101962052	101963552	5	4
6	102082481	102083981	2	10
6	102082481	102083981	2	10
6	102180193	102181693	0	1
6	102180193	102181693	0	1
6	102225857	102227357	0	0
6	102225857	102227357	0	0
6	102235503	102237003	1	0
6	102235503	102237003	1	0
6	102273807	102275307	0	4
6	102273807	102275307	0	4
6	102773289	102774789	0	14
6	102773289	102774789	0	14
6	103279997	103281497	2	8
6	103279997	103281497	2	8
6	105440953	105442453	4	0
6	105514248	105515748	4	6
6	105514248	105515748	4	6
6	105514248	105515748	4	6
6	105941671	105943171	2	0
6	106659737	106661237	12	24
6	106822723	106824223	2	4
6	106869021	106870521	2	1
6	106894717	106896217	0	0
6	106894717	106896217	0	0
6	106922572	106924072	0	0
6	106922572	106924072	0	0
6	107284582	107286082	2	4
6	109003652	109005152	0	6
6	109003652	109005152	0	6
6	109256390	109257890	2	18
6	109568453	109569953	2	8
6	109840574	109842074	0	4
6	109840574	109842074	0	4
6	111714608	111716108	3	6
6	111714608	111716108	3	6
6	112654073	112655573	2	46
6	112675045	112676545	4	2
6	112977409	112978909	2	11
6	114525708	114527208	0	4
6	115608109	115609609	6	0
6	115608109	115609609	6	0
6	115814843	115816343	48	697
6	117123065	117124565	2	2
6	118320373	118321873	3	0
6	118320373	118321873	3	0
6	118428177	118429677	0	8
6	119927858	119929358	0	2
6	120078495	120079995	6	3
6	121111271	121112771	2	16
6	121111271	121112771	2	16
6	121368894	121370394	388	308
6	121368894	121370394	388	308
6	121368894	121370394	388	308
6	121368894	121370394	388	308
6	121923731	121925231	9	4
6	126132882	126134382	2	4
6	126287496	126288996	2	8
6	127321205	127322705	4	4
6	131353066	131354566	2	0
6	132562362	132563862	2	5
6	133713246	133714746	0	0
6	134418542	134420042	2	3
6	134418542	134420042	2	3
6	134418542	134420042	2	3
6	135064149	135065649	2	6
6	135064149	135065649	2	6
6	135064149	135065649	2	6
6	135117687	135119187	2	14
6	135415332	135416832	0	4
6	136801596	136803096	9	6
6	139003086	139004586	2	4
6	139003086	139004586	2	4
6	139990985	139992485	4	4
6	141259586	141261086	3	2
6	141259586	141261086	3	2
6	143055934	143057434	4	4
6	143242175	143243675	8	43
6	144868620	144870120	10	6
6	146338274	146339774	0	4
6	146338274	146339774	0	4
6	146338274	146339774	0	4
6	147034524	147036024	0	5
6	148253777	148255277	3	8
6	150421931	150423431	2	2
6	150421931	150423431	2	2
6	150650520	150652020	7	4
6	150717378	150718878	16	33
6	150717378	150718878	16	33
6	150747923	150749423	6	2
6	150747923	150749423	6	2
6	150858448	150859948	0	0
6	150858448	150859948	0	0
6	150866090	150867590	0	4
6	150866090	150867590	0	4
6	151546773	151548273	1	0
6	151941943	151943443	4	38
6	151982412	151983912	40	69
6	152870846	152872346	1	8
6	154558425	154559925	2	0
6	154785768	154787268	5	0
6	154785768	154787268	5	0
6	154789940	154791440	22	21
6	154789940	154791440	22	21
6	154810648	154812148	0	9
6	156653389	156654889	2	2
6	157246855	157248355	0	17
6	158315632	158317132	2	24
6	158315632	158317132	2	24
6	159008688	159010188	4	4
6	159546248	159547748	2	53
6	159658732	159660232	5	6
6	159656800	159658300	0	0
6	159775214	159776714	0	2
6	159788930	159790430	24	19
6	159798343	159799843	2	30
6	159913541	159915041	6	27
6	160385564	160387064	2	8
6	160661673	160663173	13	26
6	160740840	160742340	2	16
6	161715055	161716555	0	0
6	162617614	162619114	0	2
6	162617614	162619114	0	2
6	162617614	162619114	0	2
6	163365091	163366591	0	0
6	163593231	163594731	0	2
6	163754404	163755904	0	0
6	163754404	163755904	0	0
6	163754404	163755904	0	0
6	163787901	163789401	2	26
6	164062009	164063509	14	76
6	164188915	164190415	4	4
6	164807309	164808809	2	18
6	164892753	164894253	6	105
6	165294255	165295755	4	2
6	165294255	165295755	4	2
6	165623432	165624932	4	0
6	166102499	166103999	0	4
6	166205492	166206992	2	10
6	166205492	166206992	2	10
6	166335707	166337207	6	4
6	166349640	166351140	18	194
6	166537852	166539352	10	12
6	166775865	166777365	9	2
6	166775865	166777365	9	2
6	168517824	168519324	2	6
6	169029660	169031160	340	267
6	169029660	169031160	340	267
6	169029660	169031160	340	267
6	169029660	169031160	340	267
6	169029660	169031160	340	267
6	169029660	169031160	340	267
6	169029660	169031160	340	267
6	169029660	169031160	340	267
6	169029660	169031160	340	267
6	169029660	169031160	340	267
6	169029660	169031160	340	267
6	169156850	169158350	2	2
6	169166038	169167538	8	19
6	169292985	169294485	6	0
6	169292985	169294485	6	0
6	169681673	169683173	4	33
6	169681673	169683173	4	33
6	169786867	169788367	0	2
6	169960091	169961591	14	28
6	169960091	169961591	14	28
6	171787145	171788645	4	4
6	172253638	172255138	0	6
6	172253638	172255138	0	6
6	172323731	172325231	20	90
6	172334255	172335755	6	8
3	476486	477986	12	4
3	570579	572079	5	8
3	704853	706353	4	8
3	896637	898137	2	4
3	1167820	1169320	4	10
3	1448864	1450364	30	44
3	1465946	1467446	113	142
3	2051784	2053284	8	46
3	3167983	3169483	2	0
3	3178455	3179955	13	22
3	3202581	3204081	0	0
3	3942651	3944151	6	6
3	3984414	3985914	213	301
3	4460009	4461509	13	41
3	4460009	4461509	13	41
3	4730561	4732061	0	6
3	4730561	4732061	0	6
3	5156787	5158287	0	10
3	5848060	5849560	4	26
3	8848004	8849504	2	2
3	9142670	9144170	0	4
3	9979523	9981023	76	343
3	10944251	10945751	4	2
3	11445522	11447022	1	3
3	11445522	11447022	1	3
3	11917669	11919169	0	0
3	12757934	12759434	29	37
3	12778834	12780334	16	116
3	12823022	12824522	0	6
3	17364497	17365997	1	0
3	18183069	18184569	0	4
3	18370543	18372043	4	52
3	18928532	18930032	4	4
3	18928532	18930032	4	4
3	20546776	20548276	0	0
3	21310762	21312262	60	25
3	21310762	21312262	60	25
3	25513772	25515272	6	2
3	28627267	28628767	6	53
3	29670949	29672449	0	12
3	31402748	31404248	0	2
3	31402748	31404248	0	2
3	31721826	31723326	38	289
3	31721826	31723326	38	289
3	32002230	32003730	8	4
3	32002230	32003730	8	4
3	32395498	32396998	5	5
3	32395498	32396998	5	5
3	32687178	32688678	0	5
3	32687178	32688678	0	5
3	33414173	33415673	0	2
3	33414173	33415673	0	2
3	33680248	33681748	0	3
3	33680248	33681748	0	3
3	33801569	33803069	0	4
3	33801569	33803069	0	4
3	35207287	35208787	10	48
3	36816316	36817816	7	10
3	38196170	38197670	7	4
3	39648126	39649626	0	6
3	40079595	40081095	3	7
3	40079595	40081095	3	7
3	40802245	40803745	0	6
3	40802245	40803745	0	6
3	40860828	40862328	2	4
3	40860828	40862328	2	4
3	44148350	44149850	6	4
3	44148350	44149850	6	4
3	44746112	44747612	226	543
3	44746112	44747612	226	543
3	45759766	45761266	2	9
3	49327805	49329305	10	3
3	50459159	50460659	30	44
3	50459159	50460659	30	44
3	50459159	50460659	30	44
3	51739462	51740962	2	4
3	51739462	51740962	2	4
3	54360997	54362497	4	4
3	54950204	54951704	2	3
3	54950204	54951704	2	3
3	55959864	55961364	0	10
3	56239764	56241264	0	0
3	58037460	58038960	0	2
3	68285049	68286549	6	2
3	85293813	85295313	2	7
3	85293813	85295313	2	7
3	94631377	94632877	0	5
3	95098503	95100003	2	4
3	98748658	98750158	4	4
3	98748658	98750158	4	4
3	98748658	98750158	4	4
3	101067719	101069219	4	2
3	101067719	101069219	4	2
3	107816035	107817535	6	2
3	110464002	110465502	46	68
3	112556964	112558464	2	2
3	112556964	112558464	2	2
3	116331935	116333435	3	0
3	118594362	118595862	0	7
3	118594362	118595862	0	7
3	118594362	118595862	0	7
3	119198463	119199963	12	14
3	119805037	119806537	2	3
3	121899435	121900935	0	4
3	121899435	121900935	0	4
3	122366956	122368456	6	60
3	122366956	122368456	6	60
3	125019876	125021376	2	4
3	125121808	125123308	0	6
3	126132390	126133890	4	8
3	126865408	126866908	2	2
3	126865408	126866908	2	2
3	126865408	126866908	2	2
3	126865408	126866908	2	2
3	131574337	131575837	0	0
3	133966231	133967731	5	2
3	135631923	135633423	3	2
3	136455184	136456684	2	8
3	138256127	138257627	0	5
3	138256127	138257627	0	5
3	138256127	138257627	0	5
3	139495894	139497394	6	2
3	140387867	140389367	1	0
3	140874425	140875925	0	4
3	141619580	141621080	0	2
3	144492774	144494274	2	2
3	144976933	144978433	2	6
3	146278425	146279925	2	2
3	147730588	147732088	609	720
3	148147809	148149309	0	2
3	148147809	148149309	0	2
3	148524884	148526384	2	6
3	149548454	149549954	32	131
3	149548454	149549954	32	131
3	149595983	149597483	0	0
3	151327862	151329362	2	2
3	152193419	152194919	8	8
3	153223735	153225235	2	2
3	155348583	155350083	4	18
3	155539894	155541394	0	2
3	158792262	158793762	0	4
3	158983072	158984572	7	1
3	163838892	163840392	2	4
3	168769755	168771255	2	7
3	168826991	168828491	58	551
3	168826991	168828491	58	551
3	169643940	169645440	4	3
3	170089737	170091237	2	2
3	170860366	170861866	14	28
3	171627495	171628995	10	4
3	171676129	171677629	0	8
3	171676129	171677629	0	8
3	172686319	172687819	2	2
3	173175828	173177328	17	21
3	173561522	173563022	2	0
3	175221614	175223114	18	45
3	175965238	175966738	10	100
3	176737435	176738935	4	0
3	176737435	176738935	4	0
3	176800134	176801634	0	7
3	176800134	176801634	0	7
3	176822717	176824217	117	456
3	176822717	176824217	117	456
3	177281335	177282835	4	4
3	179142162	179143662	2	6
3	179148574	179150074	0	4
3	179175894	179177394	2	2
3	179178297	179179797	2	2
3	179264761	179266261	4	0
3	180892820	180894320	6	66
3	181376889	181378389	6	4
3	182812934	182814434	2	0
3	183644375	183645875	5	36
3	184007474	184008974	6	17
3	184007474	184008974	6	17
3	184007474	184008974	6	17
3	184007474	184008974	6	17
3	185755766	185757266	4	2
3	185844954	185846454	3	13
3	186449500	186451000	0	4
3	186517052	186518552	0	0
3	187171692	187173192	0	7
3	187171692	187173192	0	7
3	187171692	187173192	0	7
3	187347484	187348984	10	70
3	187347484	187348984	10	70
3	188279111	188280611	40	50
3	188902623	188904123	8	2
3	189128421	189129921	148	196
3	189128421	189129921	148	196
3	189774944	189776444	11	50
3	190103476	190104976	4	4
3	190354964	190356464	10	82
3	190396962	190398462	2	16
3	190396962	190398462	2	16
3	190404072	190405572	2	0
3	190624724	190626224	0	0
3	190784847	190786347	47	340
3	192240636	192242136	2	4
3	192434558	192436058	9	7
3	193128483	193129983	0	0
3	196554233	196555733	4	8
3	198029697	198031197	1	12
3	198029697	198031197	1	12
3	198072030	198073530	8	44
3	198072030	198073530	8	44
3	198095002	198096502	2	0
3	198490982	198492482	0	6
3	198490982	198492482	0	6
3	198490982	198492482	0	6
3	200351833	200353333	47	444
3	200799529	200801029	2	10
3	200799529	200801029	2	10
3	201447887	201449387	0	4
3	202663381	202664881	4	22
3	202663381	202664881	4	22
3	202717154	202718654	2	2
3	203124767	203126267	150	584
3	203542921	203544421	10	18
3	204446387	204447887	2	6
3	204517566	204519066	2	15
3	205984862	205986362	2	0
3	206033471	206034971	1	5
3	206154515	206156015	0	2
3	206154515	206156015	0	2
3	206195920	206197420	0	3
3	207544558	207546058	12	19
3	208784996	208786496	0	2
3	208799675	208801175	5	21
3	208813025	208814525	2	6
3	208850014	208851514	6	34
3	209666599	209668099	2	6
3	210068089	210069589	26	95
3	210068089	210069589	26	95
3	211046686	211048186	0	5
3	215497775	215499275	0	4
3	215542799	215544299	2	6
3	215679479	215680979	4	6
3	217572164	217573664	2	2
3	218259054	218260554	6	10
3	219544852	219546352	2	1
3	220965574	220967074	0	3
3	223460530	223462030	0	2
3	224411720	224413220	2	1
3	225069608	225071108	4	2
3	225202772	225204272	2	4
3	225307915	225309415	8	12
3	225406483	225407983	2	4
3	225406483	225407983	2	4
3	225680721	225682221	4	6
3	225680721	225682221	4	6
3	227099368	227100868	4	17
3	227099368	227100868	4	17
3	227099368	227100868	4	17
3	227099368	227100868	4	17
3	227099368	227100868	4	17
3	227099368	227100868	4	17
3	227099368	227100868	4	17
3	227099368	227100868	4	17
3	227099368	227100868	4	17
3	227099368	227100868	4	17
3	227099368	227100868	4	17
3	227151688	227153188	0	0
3	227151688	227153188	0	0
3	227151688	227153188	0	0
3	227151688	227153188	0	0
3	227151688	227153188	0	0
3	227151688	227153188	0	0
3	227151688	227153188	0	0
3	227151688	227153188	0	0
3	227151688	227153188	0	0
3	227151688	227153188	0	0
3	227151688	227153188	0	0
3	227190217	227191717	2	0
3	227190217	227191717	2	0
3	227190217	227191717	2	0
3	227190217	227191717	2	0
3	227190217	227191717	2	0
3	227190217	227191717	2	0
3	227190217	227191717	2	0
3	227190217	227191717	2	0
3	227190217	227191717	2	0
3	227190217	227191717	2	0
3	227190217	227191717	2	0
3	227278692	227280192	0	0
3	227278692	227280192	0	0
3	227278692	227280192	0	0
3	227278692	227280192	0	0
3	227278692	227280192	0	0
3	227278692	227280192	0	0
3	227278692	227280192	0	0
3	227278692	227280192	0	0
3	227278692	227280192	0	0
3	227278692	227280192	0	0
3	227278692	227280192	0	0
3	230721966	230723466	2	6
3	230994475	230995975	4	3
3	230994475	230995975	4	3
3	231406716	231408216	0	2
3	231406716	231408216	0	2
3	231621687	231623187	8	2
3	231621687	231623187	8	2
3	231621687	231623187	8	2
3	233153081	233154581	8	4
3	233293018	233294518	2	0
3	233865599	233867099	0	3
3	234441692	234443192	2	2
3	234544897	234546397	0	2
9	1931258	1932758	2	2
9	1931258	1932758	2	2
9	2066198	2067698	3	37
9	2066198	2067698	3	37
9	2066198	2067698	3	37
9	2119385	2120885	0	6
9	2119385	2120885	0	6
9	2119385	2120885	0	6
9	3991705	3993205	0	2
9	3991705	3993205	0	2
9	4248799	4250299	0	4
9	5280037	5281537	0	2
9	9409565	9411065	2	6
9	9515903	9517403	6	8
9	11041163	11042663	0	2
9	11220592	11222092	16	94
9	12041437	12042937	0	4
9	12041437	12042937	0	4
9	12193663	12195163	0	2
9	12193663	12195163	0	2
9	12199411	12200911	0	5
9	12199411	12200911	0	5
9	13702300	13703800	0	4
9	15657474	15658974	6	14
9	16629745	16631245	0	8
9	16749348	16750848	4	0
9	17400822	17402322	10	185
9	20245684	20247184	4	6
9	20245684	20247184	4	6
9	20622494	20623994	4	2
9	23110818	23112318	0	0
9	23156237	23157737	2	4
9	24955261	24956761	2	6
9	25069214	25070714	1	4
9	26660744	26662244	37	175
9	26695309	26696809	4	2
9	27016282	27017782	6	8
9	27016282	27017782	6	8
9	28125449	28126949	0	4
9	28913402	28914902	0	2
9	29759618	29761118	2	4
9	32055769	32057269	127	154
9	32055769	32057269	127	154
9	32055769	32057269	127	154
9	32055769	32057269	127	154
9	32538610	32540110	0	4
9	32538610	32540110	0	4
9	34738030	34739530	0	6
9	34814482	34815982	0	2
9	36008335	36009835	2	3
9	36008335	36009835	2	3
9	36008335	36009835	2	3
9	36008335	36009835	2	3
9	36282444	36283944	125	154
9	40107523	40109023	3	8
9	46997836	46999336	0	8
9	46997836	46999336	0	8
9	48385836	48387336	64	4
9	53771068	53772568	3	3
9	53771068	53772568	3	3
9	53771068	53772568	3	3
9	54567465	54568965	0	1
9	64742033	64743533	2	2
9	65018361	65019861	4	8
9	65025654	65027154	4	3
9	65714514	65716014	0	0
9	68449624	68451124	0	0
9	69430572	69432072	0	2
9	69430572	69432072	0	2
9	69430572	69432072	0	2
9	71750860	71752360	0	8
9	79123493	79124993	20	111
9	79551355	79552855	5	119
9	79551355	79552855	5	119
9	84226994	84228494	24	109
9	85226306	85227806	2	4
9	86014673	86016173	1	2
9	86014673	86016173	1	2
9	88219986	88221486	4	0
9	90495056	90496556	6	6
9	91198600	91200100	4	2
9	94412654	94414154	10	2
9	94502734	94504234	2	3
9	97424941	97426441	8	8
9	98459579	98461079	2	1
9	100133189	100134689	4	2
9	100966427	100967927	0	4
9	102518270	102519770	4	4
9	103581902	103583402	2	16
9	103581902	103583402	2	16
9	104548746	104550246	0	0
9	104800753	104802253	0	2
9	105956760	105958260	431	674
9	105956760	105958260	431	674
9	105956760	105958260	431	674
9	105956760	105958260	431	674
9	108299143	108300643	0	3
9	110201169	110202669	0	2
9	110359513	110361013	2	2
9	111031442	111032942	6	12
9	111031442	111032942	6	12
9	111031442	111032942	6	12
9	111948436	111949936	6	6
9	113788238	113789738	0	2
9	116810920	116812420	0	0
9	116810920	116812420	0	0
9	117674464	117675964	2	2
9	118914807	118916307	1	3
9	119385105	119386605	0	10
9	121101734	121103234	6	6
9	121209096	121210596	0	2
9	122716205	122717705	8	20
9	122920499	122921999	4	2
9	124081088	124082588	2	0
9	125018705	125020205	0	2
9	126064827	126066327	2	0
9	126364573	126366073	0	4
9	127328907	127330407	0	2
9	127328907	127330407	0	2
9	129623738	129625238	0	2
9	129670640	129672140	0	4
9	130021187	130022687	2	4
9	130651403	130652903	4	4
9	130965631	130967131	2	2
9	131692047	131693547	0	3
9	131984732	131986232	0	8
9	132529933	132531433	2	4
9	132781740	132783240	2	8
9	133569859	133571359	0	0
9	133569859	133571359	0	0
9	133569859	133571359	0	0
9	134013122	134014622	4	1
9	134252655	134254155	2	4
9	134959043	134960543	1	4
9	135222915	135224415	266	242
9	135222915	135224415	266	242
9	135222915	135224415	266	242
9	135978484	135979984	2	10
9	136691838	136693338	20	217
9	137804061	137805561	4	8
9	138751709	138753209	4	6
9	139632495	139633995	2	6
9	140446306	140447806	7	17
9	140582213	140583713	0	0
9	141019616	141021116	10	48
9	141193049	141194549	6	63
9	142103072	142104572	2	26
9	142103072	142104572	2	26
9	142103072	142104572	2	26
9	142103072	142104572	2	26
9	142202289	142203789	2	7
9	142472442	142473942	6	8
9	145719387	145720887	12	62
9	146681816	146683316	2	12
9	147126382	147127882	1	4
9	147321757	147323257	4	2
9	148615470	148616970	8	4
9	149062813	149064313	12	41
9	149385295	149386795	0	8
9	149385295	149386795	0	8
9	149451663	149453163	0	8
9	149451663	149453163	0	8
9	150520110	150521610	6	21
9	150520110	150521610	6	21
9	150755178	150756678	0	6
9	150905093	150906593	0	2
9	151251699	151253199	0	0
9	151291366	151292866	2	3
9	151712823	151714323	21	40
9	152293947	152295447	0	0
9	153896761	153898261	10	22
9	154445529	154447029	44	161
9	154586390	154587890	4	4
9	154586390	154587890	4	4
9	154763664	154765164	11	44
9	154781716	154783216	2	13
9	155111476	155112976	6	3
9	155935872	155937372	2	2
9	155935872	155937372	2	2
9	156651770	156653270	3	4
9	156692328	156693828	2	2
9	156718295	156719795	9	77
9	156718295	156719795	9	77
9	156718295	156719795	9	77
9	156849438	156850938	14	52
9	156849438	156850938	14	52
9	157122199	157123699	4	4
9	157122199	157123699	4	4
9	157240500	157242000	0	4
9	158622407	158623907	0	2
9	158818560	158820060	11	21
4	918276	919776	0	2
4	918276	919776	0	2
4	920608	922108	4	4
4	920608	922108	4	4
4	1060356	1061856	8	14
4	1391483	1392983	10	33
4	1716004	1717504	9	2
4	2582583	2584083	0	2
4	3253798	3255298	1	4
4	3253798	3255298	1	4
4	3253798	3255298	1	4
4	3576030	3577530	0	4
4	3616205	3617705	4	0
4	3671327	3672827	4	10
4	3788565	3790065	0	8
4	3836797	3838297	0	4
4	5257510	5259010	0	4
4	5283037	5284537	0	10
4	5327661	5329161	2	4
4	5379779	5381279	2	0
4	5379779	5381279	2	0
4	5655450	5656950	8	34
4	6684066	6685566	2	3
4	6764915	6766415	11	21
4	6842103	6843603	2	2
4	11913894	11915394	5	2
4	12009181	12010681	28	151
4	12009181	12010681	28	151
4	12009181	12010681	28	151
4	12009181	12010681	28	151
4	12009181	12010681	28	151
4	12009181	12010681	28	151
4	12009181	12010681	28	151
4	12009181	12010681	28	151
4	12009181	12010681	28	151
4	13839987	13841487	9	2
4	15137298	15138798	4	28
4	16741720	16743220	0	4
4	16741720	16743220	0	4
4	20526938	20528438	0	6
4	20526938	20528438	0	6
4	21136292	21137792	0	0
4	21200833	21202333	2	2
4	22851483	22852983	2	6
4	22935101	22936601	6	0
4	26474602	26476102	6	28
4	27559603	27561103	4	2
4	27559603	27561103	4	2
4	27893768	27895268	6	8
4	32386461	32387961	8	245
4	32386461	32387961	8	245
4	32825640	32827140	0	12
4	33809533	33811033	11	82
4	34205911	34207411	0	2
4	34379611	34381111	0	0
4	37198046	37199546	6	2
4	37275974	37277474	4	0
4	37919688	37921188	0	2
4	38554626	38556126	4	54
4	39733315	39734815	0	8
4	40290183	40291683	2	8
4	40540720	40542220	10	4
4	41554481	41555981	26	14
4	51612647	51614147	0	0
4	53031415	53032915	2	4
4	61707765	61709265	2	2
4	65534251	65535751	4	1
4	69352358	69353858	0	2
4	69352358	69353858	0	2
4	73395073	73396573	0	1
4	73395073	73396573	0	1
4	73395073	73396573	0	1
4	77086087	77087587	2	2
4	77185734	77187234	0	4
4	81623834	81625334	2	0
4	84715734	84717234	6	6
4	85966006	85967506	0	0
4	86239240	86240740	58	114
4	86239240	86240740	58	114
4	86239240	86240740	58	114
4	86239240	86240740	58	114
4	86239240	86240740	58	114
4	86576059	86577559	6	12
4	87192696	87194196	2	0
4	87192696	87194196	2	0
4	87192696	87194196	2	0
4	87427111	87428611	4	10
4	89799374	89800874	0	0
4	89799374	89800874	0	0
4	101588397	101589897	2	2
4	101828004	101829504	2	6
4	104563350	104564850	2	3
4	105831297	105832797	0	2
4	118822422	118823922	10	112
4	120554554	120556054	20	42
4	126957963	126959463	18	14
4	128777456	128778956	4	1
4	128777456	128778956	4	1
4	128777456	128778956	4	1
4	132685030	132686530	0	2
4	132685030	132686530	0	2
4	133089522	133091022	0	0
4	136186079	136187579	0	6
4	137142200	137143700	4	18
4	138654083	138655583	8	4
4	138654083	138655583	8	4
4	138654083	138655583	8	4
4	145568635	145570135	10	7
4	145568635	145570135	10	7
4	145568635	145570135	10	7
4	145960156	145961656	7	2
4	149655976	149657476	14	42
4	151308707	151310207	0	0
4	152220846	152222346	4	9
4	154126655	154128155	92	86
4	155985908	155987408	8	68
4	156847123	156848623	2	2
4	157101240	157102740	4	2
4	158065201	158066701	2	2
4	158810355	158811855	2	13
4	158952884	158954384	2	7
4	161214829	161216329	0	4
4	161598438	161599938	4	16
4	162159739	162161239	2	12
4	162159739	162161239	2	12
4	163282205	163283705	0	4
4	163282205	163283705	0	4
4	164391961	164393461	2	0
4	164391961	164393461	2	0
4	164391961	164393461	2	0
4	164475150	164476650	0	4
4	165362535	165364035	4	4
4	165362535	165364035	4	4
4	166652210	166653710	2	10
4	167223049	167224549	2	6
4	168640861	168642361	5	16
4	169723582	169725082	107	172
4	169723582	169725082	107	172
4	169864038	169865538	2	10
4	170425025	170426525	2	1
4	170425025	170426525	2	1
4	172766580	172768080	4	4
4	172766580	172768080	4	4
4	172766580	172768080	4	4
4	173005483	173006983	4	6
4	173018865	173020365	6	2
4	173802435	173803935	2	2
4	173977561	173979061	8	10
4	174609009	174610509	4	0
4	174733610	174735110	2	4
4	175256867	175258367	2	0
4	175256867	175258367	2	0
4	176344484	176345984	12	22
4	176600043	176601543	16	56
4	177543651	177545151	1	2
4	177543651	177545151	1	2
4	178262186	178263686	13	22
4	178307782	178309282	2	10
4	180351140	180352640	0	0
4	180606529	180608029	6	4
4	180622031	180623531	9	0
4	183316596	183318096	3	10
4	183365422	183366922	0	6
4	183369151	183370651	4	22
4	183433198	183434698	7	26
4	183822400	183823900	0	22
4	185227834	185229334	7	10
4	185239005	185240505	2	4
4	185239005	185240505	2	4
4	186395713	186397213	4	4
4	187401859	187403359	12	34
4	187401859	187403359	12	34
4	187401859	187403359	12	34
4	188529768	188531268	0	5
4	188746594	188748094	2	9
4	189092521	189094021	4	4
4	189092521	189094021	4	4
4	189105635	189107135	0	4
4	189487248	189488748	2	2
4	189494099	189495599	3	6
4	189494099	189495599	3	6
4	189494099	189495599	3	6
4	190670287	190671787	0	8
4	191344893	191346393	4	8
4	192688916	192690416	0	5
4	192688916	192690416	0	5
4	192688916	192690416	0	5
4	193767765	193769265	0	2
4	194258362	194259862	7	24
4	195817706	195819206	0	8
4	195817706	195819206	0	8
4	195817706	195819206	0	8
4	197879938	197881438	3	5
4	198052637	198054137	0	6
4	199296031	199297531	10	132
4	199404934	199406434	33	90
4	199997078	199998578	2	2
4	200736914	200738414	2	4
4	201186450	201187950	0	3
4	201186450	201187950	0	3
4	201215677	201217177	4	0
4	201421410	201422910	6	4
4	202630914	202632414	4	2
4	202636706	202638206	5	2
4	203133771	203135271	2	8
4	203133771	203135271	2	8
4	206357862	206359362	2	10
4	206599070	206600570	2	2
4	211441081	211442581	12	10
4	213264064	213265564	6	2
4	214608453	214609953	2	2
4	216213682	216215182	8	6
4	218062050	218063550	2	8
4	219936359	219937859	2	2
4	219936359	219937859	2	2
4	220294736	220296236	4	4
4	220461289	220462789	0	4
4	220718202	220719702	4	8
4	220791768	220793268	2	2
4	220857185	220858685	0	0
4	222859694	222861194	3	4
4	225976527	225978027	0	4
4	225976527	225978027	0	4
4	225976527	225978027	0	4
4	226590164	226591664	4	2
4	229218792	229220292	2	0
4	232560161	232561661	0	4
4	234543112	234544612	8	14
4	235510251	235511751	0	4
4	235515296	235516796	0	0
4	235783709	235785209	2	4
4	236115626	236117126	2	0
4	238381685	238383185	0	0
4	238381685	238383185	0	0
4	239763267	239764767	6	6
4	241321896	241323396	2	2
4	241452021	241453521	2	2
4	241452021	241453521	2	2
4	241452021	241453521	2	2
4	242710904	242712404	0	8
4	243753727	243755227	6	4
4	244165895	244167395	0	2
4	244499568	244501068	0	4
4	244559276	244560776	0	4
4	245169925	245171425	8	16
4	245192707	245194207	10	35
4	245468383	245469883	3	0
4	245468383	245469883	3	0
4	245468383	245469883	3	0
4	245468383	245469883	3	0
4	246452063	246453563	0	0
