Niben251Chr06	142411952	142413452	150	169
Niben251Chr16	20974923	20976423	115	96
Niben251Chr18	11314212	11315712	89	117
Niben251Chr08	27856653	27858153	251	274
Niben251Chr01	173825465	173826965	14	4
Niben251Chr02	143676688	143678188	179	158
Niben251Chr02	143676688	143678188	179	158
Niben251Chr01	121132233	121133733	88	136
Niben251Chr03	5999207	6000707	59	50
Niben251Chr03	6954799	6956299	10	29
Niben251Chr07	47948478	47949978	9	17
Niben251Chr11	31722115	31723615	61	101
Niben251Chr12	83368746	83370246	7	11
Niben251Chr19	15166058	15167558	9	4
Niben251Chr15	4687396	4688896	142	207
Niben251Chr12	83368746	83370246	7	11
Niben251Chr19	15166058	15167558	9	4
Niben251Chr08	1537032	1538532	17	32
Niben251Chr15	138331966	138333466	120	212
Niben251Chr05	96939181	96940681	101	75
Niben251Chr01	52694800	52696300	234	321
Niben251Chr01	5433201	5434701	1480	903
Niben251Chr04	95680015	95681515	6	2
Niben251Chr14	9166105	9167605	64	108
Niben251Chr14	140410786	140412286	287	507
Niben251Chr04	179831758	179833258	81	71
Niben251Chr04	110086234	110087734	113	118
Niben251Chr04	156783641	156785141	6	15
Niben251Chr08	109150626	109152126	110	125
Niben251Chr11	88042459	88043959	155	208
Niben251Chr05	8125152	8126652	29	88
Niben251Chr04	111681637	111683137	104	195
Niben251Chr09	23432294	23433794	75	109
Niben251Chr19	18164629	18166129	23	204
Niben251Chr11	60217386	60218886	104	112
Niben251Chr01	117620374	117621874	180	220
Niben251Chr04	176760652	176762152	119	329
Niben251Chr15	138331966	138333466	120	212
Niben251Chr16	29349984	29351484	77	73
Niben251Chr16	9972633	9974133	319	304
Niben251Chr12	12924133	12925633	62	73
Niben251Chr06	51797677	51799177	100	385
Niben251Chr11	24023359	24024859	108	154
Niben251Chr03	5999207	6000707	59	50
Niben251Chr12	82230632	82232132	45	40
Niben251Chr02	143676688	143678188	179	158
Niben251Chr19	15166058	15167558	9	4
Niben251Chr12	83368746	83370246	7	11
Niben251Chr19	15166058	15167558	9	4
Niben251Chr12	83368746	83370246	7	11
Niben251Chr02	143676688	143678188	179	158
Niben251Chr02	77824302	77825802	270	528
Niben251Chr02	143676688	143678188	179	158
Niben251Chr02	77824302	77825802	270	528
Niben251Chr03	6954799	6956299	10	29
Niben251Chr04	174314063	174315563	570	642
Niben251Chr13	143115625	143117125	655	498
Niben251Chr12	4447964	4449464	134	133
Niben251Chr12	4447964	4449464	134	133
Niben251Chr12	4447964	4449464	134	133
Niben251Chr12	4447964	4449464	134	133
Niben251Chr14	123464418	123465918	14	12
Niben251Chr12	4447964	4449464	134	133
Niben251Chr12	4447964	4449464	134	133
Niben251Chr15	65342106	65343606	458	607
Niben251Chr14	50222417	50223917	345	376
Niben251Chr19	15164149	15165649	812	722
Niben251Chr12	74115610	74117110	105	134
Niben251Chr12	12924133	12925633	62	73
Niben251Chr16	38078677	38080177	828	518
Niben251Chr16	38078677	38080177	828	518
Niben251Chr09	72745208	72746708	87	154
Niben251Chr03	5999207	6000707	59	50
Niben251Chr09	72745208	72746708	87	154
Niben251Chr15	142345297	142346797	124	87
Niben251Chr01	117620374	117621874	180	220
Niben251Chr11	60217386	60218886	104	112
Niben251Chr13	75919645	75921145	499	279
Niben251Chr14	123464418	123465918	14	12
Niben251Chr16	29349984	29351484	77	73
Niben251Chr16	29349984	29351484	77	73
Niben251Chr16	29349984	29351484	77	73
Niben251Chr16	9972633	9974133	319	304
Niben251Chr12	12924133	12925633	62	73
Niben251Chr08	40812010	40813510	84	101
Niben251Chr10	98495178	98496678	130	108
Niben251Chr12	82673863	82675363	127	144
Niben251Chr06	75030230	75031730	252	162
Niben251Chr01	117620374	117621874	180	220
Niben251Chr11	60217386	60218886	104	112
Niben251Chr14	123464418	123465918	14	12
Niben251Chr03	66857519	66859019	97	93
Niben251Chr04	165176403	165177903	597	257
Niben251Chr11	109896690	109898190	60	260
Niben251Chr04	95680015	95681515	6	2
Niben251Chr09	127945414	127946914	75	93
Niben251Chr19	52943083	52944583	469	131
Niben251Chr18	118016254	118017754	815	331
Niben251Chr09	136578953	136580453	196	128
Niben251Chr13	5961052	5962552	340	280
Niben251Chr10	124009832	124011332	58	33
Niben251Chr18	128029998	128031498	18	51
Niben251Chr19	98147946	98149446	35	36
Niben251Chr06	53888251	53889751	128	234
Niben251Chr19	95655945	95657445	387	557
Niben251Chr02	126185439	126186939	304	976
Niben251Chr14	31542099	31543599	78	213
Niben251Chr01	19433649	19435149	265	144
Niben251Chr12	73510100	73511600	370	199
Niben251Chr09	72745208	72746708	87	154
Niben251Chr01	117620374	117621874	180	220
Niben251Chr11	60217386	60218886	104	112
Niben251Chr08	1537032	1538532	17	32
Niben251Chr01	19433649	19435149	265	144
Niben251Chr12	73510100	73511600	370	199
Niben251Chr07	65773391	65774891	112	138
Niben251Chr08	1537032	1538532	17	32
Niben251Chr08	1537032	1538532	17	32
Niben251Chr08	27856653	27858153	251	274
Niben251Chr06	75030230	75031730	252	162
Niben251Chr12	82673863	82675363	127	144
Niben251Chr10	98495178	98496678	130	108
Niben251Chr07	134795470	134796970	211	144
Niben251Chr04	176760652	176762152	119	329
Niben251Chr12	44969978	44971478	89	310
Niben251Chr16	116904383	116905883	81	447
Niben251Chr14	153400806	153402306	79	165
Niben251Chr18	58594026	58595526	85	51
Niben251Chr03	87490541	87492041	214	130
Niben251Chr03	39341392	39342892	141	74
Niben251Chr01	94811343	94812843	2	0
Niben251Chr14	39933122	39934622	161	322
Niben251Chr06	86305218	86306718	270	157
Niben251Chr14	146921825	146923325	42	114
Niben251Chr11	131741088	131742588	147	159
Niben251Chr08	27856653	27858153	251	274
Niben251Chr08	27856653	27858153	251	274
Niben251Chr08	27856653	27858153	251	274
Niben251Chr08	27856653	27858153	251	274
Niben251Chr02	97943901	97945401	90	81
Niben251Chr05	566619	568119	181	149
Niben251Chr11	60217386	60218886	104	112
Niben251Chr11	131741088	131742588	147	159
Niben251Chr16	48125112	48126612	242	297
Niben251Chr05	8125152	8126652	29	88
Niben251Chr19	100055746	100057246	59	78
Niben251Chr09	72745208	72746708	87	154
Niben251Chr13	106353343	106354843	130	139
Niben251Chr01	19433649	19435149	265	144
Niben251Chr12	73510100	73511600	370	199
Niben251Chr03	92987992	92989492	2	2
Niben251Chr15	138331966	138333466	120	212
Niben251Chr16	38078677	38080177	828	518
Niben251Chr08	6072770	6074270	89	104
Niben251Chr11	60217386	60218886	104	112
Niben251Chr01	117620374	117621874	180	220
Niben251Chr11	103597565	103599065	68	84
Niben251Chr05	30235059	30236559	240	233
Niben251Chr16	73328187	73329687	347	533
Niben251Chr09	80445475	80446975	854	692
Niben251Chr09	80350282	80351782	1707	1799
Niben251Chr12	82673863	82675363	127	144
Niben251Chr10	98495178	98496678	130	108
Niben251Chr08	40812010	40813510	84	101
Niben251Chr06	75030230	75031730	252	162
Niben251Chr01	52694800	52696300	234	321
Niben251Chr11	131741088	131742588	147	159
Niben251Chr15	78932388	78933888	302	181
Niben251Chr11	60217386	60218886	104	112
Niben251Chr01	117620374	117621874	180	220
Niben251Chr14	123464418	123465918	14	12
Niben251Chr07	122209879	122211379	2	7
Niben251Chr04	180145930	180147430	78	114
Niben251Chr13	128512840	128514340	248	521
Niben251Chr12	83368746	83370246	7	11
Niben251Chr19	15166058	15167558	9	4
Niben251Chr04	180145930	180147430	78	114
Niben251Chr05	113869818	113871318	177	65
Niben251Chr04	95680015	95681515	6	2
Niben251Chr01	117620374	117621874	180	220
Niben251Chr11	60217386	60218886	104	112
Niben251Chr14	123464418	123465918	14	12
Niben251Chr12	74115610	74117110	105	134
Niben251Chr04	95680015	95681515	6	2
Niben251Chr14	123464418	123465918	14	12
Niben251Chr12	44969978	44971478	89	310
Niben251Chr16	116904383	116905883	81	447
Niben251Chr02	126185439	126186939	304	976
Niben251Chr06	53888251	53889751	128	234
Niben251Chr14	31542099	31543599	78	213
Niben251Chr07	125015903	125017403	1369	1266
Niben251Chr16	16696589	16698089	237	696
Niben251Chr19	95655945	95657445	387	557
Niben251Chr04	62380406	62381906	387	512
Niben251Chr04	167398583	167400083	1297	942
Niben251Chr08	17647926	17649426	1885	1640
Niben251Chr06	108842582	108844082	2522	1413
Niben251Chr01	146641242	146642742	221	188
Niben251Chr01	121132233	121133733	88	136
Niben251Chr05	8125152	8126652	29	88
Niben251Chr16	9972633	9974133	319	304
Niben251Chr16	29349984	29351484	77	73
Niben251Chr11	60217386	60218886	104	112
Niben251Chr01	117620374	117621874	180	220
Niben251Chr01	94811343	94812843	2	0
Niben251Chr14	39933122	39934622	161	322
Niben251Chr11	60217386	60218886	104	112
Niben251Chr01	117620374	117621874	180	220
Niben251Chr07	26593574	26595074	1055	773
Niben251Chr15	91045989	91047489	153	94
Niben251Chr15	91045989	91047489	153	94
Niben251Chr09	72745208	72746708	87	154
Niben251Chr04	95680015	95681515	6	2
Niben251Chr16	38078677	38080177	828	518
Niben251Chr11	109896690	109898190	60	260
Niben251Chr15	1625105	1626605	440	310
Niben251Chr15	136926158	136927658	202	87
Niben251Chr15	640875	642375	98	124
Niben251Chr02	143676688	143678188	179	158
Niben251Chr02	143676688	143678188	179	158
Niben251Chr02	143676688	143678188	179	158
Niben251Chr02	143676688	143678188	179	158
Niben251Chr02	143676688	143678188	179	158
Niben251Chr12	44969978	44971478	89	310
Niben251Chr16	116904383	116905883	81	447
Niben251Chr12	44969978	44971478	89	310
Niben251Chr16	116904383	116905883	81	447
Niben251Chr12	44969978	44971478	89	310
Niben251Chr16	116904383	116905883	81	447
Niben251Chr14	123464418	123465918	14	12
Niben251Chr01	117620374	117621874	180	220
Niben251Chr18	139096443	139097943	65	94
Niben251Chr09	84627238	84628738	60	58
Niben251Chr08	1537032	1538532	17	32
Niben251Chr08	26809918	26811418	90	122
Niben251Chr12	83368746	83370246	7	11
Niben251Chr19	15166058	15167558	9	4
Niben251Chr09	72745208	72746708	87	154
Niben251Chr09	72745208	72746708	87	154
Niben251Chr02	143676688	143678188	179	158
Niben251Chr02	77824302	77825802	270	528
Niben251Chr15	28389272	28390772	74	182
Niben251Chr08	28689770	28691270	128	93
Niben251Chr06	61384037	61385537	208	153
Niben251Chr01	117620374	117621874	180	220
Niben251Chr11	60217386	60218886	104	112
Niben251Chr08	9419230	9420730	2590	1524
Niben251Chr02	100017938	100019438	1615	718
Niben251Chr11	124720729	124722229	155	95
Niben251Chr19	143678812	143680312	2053	985
Niben251Chr05	566619	568119	181	149
Niben251Chr02	97943901	97945401	90	81
Niben251Chr15	640875	642375	98	124
Niben251Chr07	144268888	144270388	74	81
Niben251Chr14	39933122	39934622	161	322
Niben251Chr01	94811343	94812843	2	0
Niben251Chr05	8125152	8126652	29	88
Niben251Chr09	72745208	72746708	87	154
Niben251Chr12	44969978	44971478	89	310
Niben251Chr16	116904383	116905883	81	447
Niben251Chr16	116904383	116905883	81	447
Niben251Chr12	44969978	44971478	89	310
Niben251Chr05	49740904	49742404	84	205
Niben251Chr12	58881906	58883406	38	72
Niben251Chr14	141403544	141405044	19	22
Niben251Chr16	22474831	22476331	1	3
Niben251Chr16	22474831	22476331	1	3
Niben251Chr18	11314212	11315712	89	117
Niben251Chr06	142411952	142413452	150	169
Niben251Chr16	20974923	20976423	115	96
Niben251Chr05	8125152	8126652	29	88
Niben251Chr09	111804169	111805669	156	107
Niben251Chr19	122103548	122105048	561	404
Niben251Chr16	15969218	15970718	1609	875
Niben251Chr04	177441264	177442764	2554	1223
Niben251Chr13	128814851	128816351	315	172
Niben251Chr19	121981820	121983320	539	524
Niben251Chr10	26196021	26197521	5558	3245
Niben251Chr19	20286232	20287732	2796	2040
Niben251Chr17	56811232	56812732	2198	1492
Niben251Chr16	15964169	15965669	1952	1855
Niben251Chr02	53216707	53218207	3895	2285
Niben251Chr04	96390677	96392177	3660	2968
Niben251Chr19	121981820	121983320	539	524
Niben251Chr04	177441264	177442764	2554	1223
Niben251Chr16	15964169	15965669	1952	1855
Niben251Chr13	128814851	128816351	315	172
Niben251Chr16	15969218	15970718	1609	875
Niben251Chr17	56811232	56812732	2198	1492
Niben251Chr19	122103548	122105048	561	404
Niben251Chr10	26196021	26197521	5558	3245
Niben251Chr04	96390677	96392177	3660	2968
Niben251Chr02	53216707	53218207	3895	2285
Niben251Chr19	20286232	20287732	2796	2040
Niben251Chr02	53216707	53218207	3895	2285
Niben251Chr13	128814851	128816351	315	172
Niben251Chr17	56811232	56812732	2198	1492
Niben251Chr19	20286232	20287732	2796	2040
Niben251Chr04	96390677	96392177	3660	2968
Niben251Chr04	177441264	177442764	2554	1223
Niben251Chr10	26196021	26197521	5558	3245
Niben251Chr16	15964169	15965669	1952	1855
Niben251Chr19	121981820	121983320	539	524
Niben251Chr16	15969218	15970718	1609	875
Niben251Chr19	122103548	122105048	561	404
Niben251Chr07	134795470	134796970	211	144
Niben251Chr15	136926158	136927658	202	87
Niben251Chr16	29349984	29351484	77	73
Niben251Chr18	11314212	11315712	89	117
Niben251Chr06	142411952	142413452	150	169
Niben251Chr16	20974923	20976423	115	96
Niben251Chr04	37595865	37597365	535	564
Niben251Chr07	51601474	51602974	646	498
Niben251Chr01	105523857	105525357	811	599
Niben251Chr07	121324219	121325719	862	824
Niben251Chr15	99381640	99383140	454	295
Niben251Chr07	87800605	87802105	3395	1659
Niben251Chr18	59492575	59494075	82	70
Niben251Chr18	59492575	59494075	82	70
Niben251Chr05	8125152	8126652	29	88
Niben251Chr03	44784408	44785908	120	192
Niben251Chr07	65773391	65774891	112	138
Niben251Chr01	19433649	19435149	265	144
Niben251Chr12	73510100	73511600	370	199
Niben251Chr15	4687396	4688896	142	207
Niben251Chr03	46541606	46543106	176	114
Niben251Chr04	183942511	183944011	96	78
Niben251Chr01	98983082	98984582	84	102
Niben251Chr12	44969978	44971478	89	310
Niben251Chr16	116904383	116905883	81	447
Niben251Chr14	153400806	153402306	79	165
Niben251Chr07	134795470	134796970	211	144
Niben251Chr03	4494310	4495810	144	138
Niben251Chr13	115008576	115010076	152	174
Niben251Chr05	8125152	8126652	29	88
Niben251Chr03	5999207	6000707	59	50
Niben251Chr18	58594026	58595526	85	51
Niben251Chr14	153400806	153402306	79	165
Niben251Chr12	44969978	44971478	89	310
Niben251Chr16	116904383	116905883	81	447
Niben251Chr08	27856653	27858153	251	274
Niben251Chr04	95680015	95681515	6	2
Niben251Chr15	113682833	113684333	237	364
Niben251Chr09	127945414	127946914	75	93
Niben251Chr08	26809918	26811418	90	122
Niben251Chr08	26809918	26811418	90	122
Niben251Chr14	123464418	123465918	14	12
Niben251Chr15	640875	642375	98	124
Niben251Chr15	640875	642375	98	124
Niben251Chr14	123464418	123465918	14	12
Niben251Chr15	1625105	1626605	440	310
Niben251Chr16	11687422	11688922	278	190
Niben251Chr06	51797677	51799177	100	385
Niben251Chr11	131741088	131742588	147	159
Niben251Chr19	15166058	15167558	9	4
Niben251Chr12	83368746	83370246	7	11
Niben251Chr19	15166058	15167558	9	4
Niben251Chr12	83368746	83370246	7	11
Niben251Chr12	83368746	83370246	7	11
Niben251Chr19	15166058	15167558	9	4
Niben251Chr11	105749868	105751368	565	336
Niben251Chr06	87664182	87665682	43	28
Niben251Chr11	103597565	103599065	68	84
Niben251Chr05	30235059	30236559	240	233
Niben251Chr11	109105199	109106699	1411	667
Niben251Chr02	47715142	47716642	394	348
Niben251Chr04	62380406	62381906	387	512
Niben251Chr08	109350911	109352411	665	384
Niben251Chr06	108842582	108844082	2522	1413
Niben251Chr01	146641242	146642742	221	188
Niben251Chr04	167398583	167400083	1297	942
Niben251Chr08	17647926	17649426	1885	1640
Niben251Chr14	3253375	3254875	12	29
Niben251Chr15	40588264	40589764	14	18
Niben251Chr05	30235059	30236559	240	233
Niben251Chr11	103597565	103599065	68	84
Niben251Chr05	30235059	30236559	240	233
Niben251Chr11	103597565	103599065	68	84
Niben251Chr05	30235059	30236559	240	233
Niben251Chr11	103597565	103599065	68	84
Niben251Chr14	3253375	3254875	12	29
Niben251Chr15	152789190	152790690	186	124
Niben251Chr12	83368746	83370246	7	11
Niben251Chr19	15166058	15167558	9	4
Niben251Chr16	20974923	20976423	115	96
Niben251Chr06	142411952	142413452	150	169
Niben251Chr18	11314212	11315712	89	117
Niben251Chr03	146648351	146649851	73	66
Niben251Chr09	136578953	136580453	196	128
Niben251Chr13	5961052	5962552	340	280
Niben251Chr16	38078677	38080177	828	518
Niben251Chr02	9808027	9809527	292	338
Niben251Chr16	116904383	116905883	81	447
Niben251Chr12	44969978	44971478	89	310
Niben251Chr08	6720572	6722072	279	200
Niben251Chr06	43675990	43677490	330	242
Niben251Chr09	72745208	72746708	87	154
Niben251Chr04	95680015	95681515	6	2
Niben251Chr15	2751175	2752675	120	139
Niben251Chr08	17391164	17392664	585	337
Niben251Chr12	12924133	12925633	62	73
Niben251Chr01	117620374	117621874	180	220
Niben251Chr11	60217386	60218886	104	112
Niben251Chr08	1537032	1538532	17	32
Niben251Chr08	1537032	1538532	17	32
Niben251Chr12	49512613	49514113	145	67
Niben251Chr14	153400806	153402306	79	165
Niben251Chr10	38357305	38358805	129	256
Niben251Chr04	95680015	95681515	6	2
Niben251Chr16	29349984	29351484	77	73
Niben251Chr16	9972633	9974133	319	304
Niben251Chr12	12924133	12925633	62	73
Niben251Chr10	132356398	132357898	78	71
Niben251Chr09	99624636	99626136	103	103
Niben251Chr16	38078677	38080177	828	518
Niben251Chr15	4687396	4688896	142	207
Niben251Chr14	153400806	153402306	79	165
Niben251Chr03	87490541	87492041	214	130
Niben251Chr18	58594026	58595526	85	51
Niben251Chr14	123464418	123465918	14	12
Niben251Chr06	75030230	75031730	252	162
Niben251Chr10	98495178	98496678	130	108
Niben251Chr12	82673863	82675363	127	144
Niben251Chr08	40812010	40813510	84	101
Niben251Chr01	117620374	117621874	180	220
Niben251Chr11	60217386	60218886	104	112
Niben251Chr01	117620374	117621874	180	220
Niben251Chr11	60217386	60218886	104	112
Niben251Chr12	83368746	83370246	7	11
Niben251Chr19	15166058	15167558	9	4
Niben251Chr14	123464418	123465918	14	12
Niben251Chr03	66857519	66859019	97	93
Niben251Chr04	165176403	165177903	597	257
Niben251Chr11	109896690	109898190	60	260
Niben251Chr04	95680015	95681515	6	2
Niben251Chr18	118016254	118017754	815	331
Niben251Chr19	52943083	52944583	469	131
Niben251Chr19	98147946	98149446	35	36
Niben251Chr12	44969978	44971478	89	310
Niben251Chr16	116904383	116905883	81	447
Niben251Chr15	28389272	28390772	74	182
Niben251Chr19	95655945	95657445	387	557
Niben251Chr07	125015903	125017403	1369	1266
Niben251Chr02	126185439	126186939	304	976
Niben251Chr16	16696589	16698089	237	696
Niben251Chr06	53888251	53889751	128	234
Niben251Chr14	31542099	31543599	78	213
Niben251Chr04	111549031	111550531	246	194
Niben251Chr16	76380407	76381907	16	27
Niben251Chr16	20974923	20976423	115	96
Niben251Chr06	87664182	87665682	43	28
Niben251Chr11	31722115	31723615	61	101
Niben251Chr04	62380406	62381906	387	512
Niben251Chr01	146641242	146642742	221	188
Niben251Chr02	47715142	47716642	394	348
Niben251Chr13	128113581	128115081	648	319
Niben251Chr04	120741824	120743324	461	479
Niben251Chr08	109350911	109352411	665	384
Niben251Chr09	72745208	72746708	87	154
Niben251Chr09	72745208	72746708	87	154
Niben251Chr16	116904383	116905883	81	447
Niben251Chr12	44969978	44971478	89	310
Niben251Chr01	117620374	117621874	180	220
Niben251Chr11	60217386	60218886	104	112
Niben251Chr07	84716611	84718111	166	186
Niben251Chr04	176760652	176762152	119	329
Niben251Chr16	75260063	75261563	82	94
Niben251Chr14	153400806	153402306	79	165
Niben251Chr18	58594026	58595526	85	51
Niben251Chr03	87490541	87492041	214	130
Niben251Chr14	39933122	39934622	161	322
Niben251Chr01	94811343	94812843	2	0
Niben251Chr06	86305218	86306718	270	157
Niben251Chr14	146921825	146923325	42	114
Niben251Chr16	38078677	38080177	828	518
Niben251Chr03	6954799	6956299	10	29
Niben251Chr06	132341574	132343074	15	9
Niben251Chr10	98628520	98630020	776	877
Niben251Scf03563	1710	3210	233	234
Niben251Chr09	23432294	23433794	75	109
Niben251Chr01	19433649	19435149	265	144
Niben251Chr12	73510100	73511600	370	199
Niben251Chr07	65773391	65774891	112	138
Niben251Chr19	15166058	15167558	9	4
Niben251Chr12	83368746	83370246	7	11
Niben251Chr14	153400806	153402306	79	165
Niben251Chr14	123464418	123465918	14	12
Niben251Chr07	134795470	134796970	211	144
Niben251Chr08	109150626	109152126	110	125
Niben251Chr16	38078677	38080177	828	518
Niben251Chr16	638530	640030	101	109
Niben251Chr04	95680015	95681515	6	2
Niben251Chr07	112756386	112757886	229	188
Niben251Chr16	29349984	29351484	77	73
Niben251Chr16	9972633	9974133	319	304
Niben251Chr05	49740904	49742404	84	205
Niben251Chr04	95680015	95681515	6	2
Niben251Chr01	98983082	98984582	84	102
Niben251Chr08	9419230	9420730	2590	1524
Niben251Chr11	124720729	124722229	155	95
Niben251Chr02	100017938	100019438	1615	718
Niben251Chr19	143678812	143680312	2053	985
Niben251Chr12	44969978	44971478	89	310
Niben251Chr16	116904383	116905883	81	447
Niben251Chr02	97943901	97945401	90	81
Niben251Chr05	566619	568119	181	149
Niben251Chr02	94709941	94711441	73	112
Niben251Chr11	60217386	60218886	104	112
Niben251Chr01	117620374	117621874	180	220
Niben251Chr11	60217386	60218886	104	112
Niben251Chr14	153400806	153402306	79	165
Niben251Chr14	39933122	39934622	161	322
Niben251Chr01	94811343	94812843	2	0
Niben251Chr09	72745208	72746708	87	154
Niben251Chr12	44969978	44971478	89	310
Niben251Chr16	116904383	116905883	81	447
Niben251Chr16	116904383	116905883	81	447
Niben251Chr12	44969978	44971478	89	310
Niben251Chr16	116904383	116905883	81	447
Niben251Chr12	44969978	44971478	89	310
Niben251Chr15	28389272	28390772	74	182
Niben251Chr09	72745208	72746708	87	154
Niben251Chr12	83368746	83370246	7	11
Niben251Chr19	15166058	15167558	9	4
Niben251Chr08	26809918	26811418	90	122
Niben251Chr18	139096443	139097943	65	94
Niben251Chr01	117620374	117621874	180	220
Niben251Chr01	117620374	117621874	180	220
Niben251Chr04	95680015	95681515	6	2
Niben251Chr09	127945414	127946914	75	93
Niben251Chr15	85032824	85034324	299	272
Niben251Chr18	58594026	58595526	85	51
Niben251Chr03	87490541	87492041	214	130
Niben251Chr14	153400806	153402306	79	165
Niben251Chr16	116904383	116905883	81	447
Niben251Chr12	44969978	44971478	89	310
Niben251Chr16	116904383	116905883	81	447
Niben251Chr12	44969978	44971478	89	310
Niben251Chr16	116904383	116905883	81	447
Niben251Chr12	44969978	44971478	89	310
Niben251Chr12	44969978	44971478	89	310
Niben251Chr16	116904383	116905883	81	447
Niben251Chr01	16355848	16357348	62	181
Niben251Chr09	72745208	72746708	87	154
Niben251Chr04	180145930	180147430	78	114
Niben251Chr16	142735614	142737114	5	3
Niben251Chr01	173825465	173826965	14	4
Niben251Chr05	85599985	85601485	437	409
Niben251Chr01	167240531	167242031	104	212
Niben251Chr05	113869818	113871318	177	65
Niben251Chr04	95680015	95681515	6	2
Niben251Chr08	9419230	9420730	2590	1524
Niben251Chr11	124720729	124722229	155	95
Niben251Chr08	8780540	8782040	234	146
Niben251Chr14	123464418	123465918	14	12
Niben251Chr18	147851252	147852752	0	3
Niben251Chr04	95680015	95681515	6	2
Niben251Chr14	123464418	123465918	14	12
Niben251Chr08	17391164	17392664	585	337
Niben251Chr09	72745208	72746708	87	154
Niben251Chr08	27856653	27858153	251	274
Niben251Chr08	27856653	27858153	251	274
Niben251Chr11	60217386	60218886	104	112
Niben251Chr01	117620374	117621874	180	220
Niben251Chr14	123464418	123465918	14	12
Niben251Chr19	95655945	95657445	387	557
Niben251Chr16	16696589	16698089	237	696
Niben251Chr07	125015903	125017403	1369	1266
Niben251Chr02	126185439	126186939	304	976
Niben251Chr14	31542099	31543599	78	213
Niben251Chr06	53888251	53889751	128	234
Niben251Chr01	121132233	121133733	88	136
Niben251Chr16	9972633	9974133	319	304
Niben251Chr16	29349984	29351484	77	73
Niben251Chr11	67474080	67475580	390	735
Niben251Chr07	26593574	26595074	1055	773
Niben251Chr09	72745208	72746708	87	154
Niben251Chr09	72745208	72746708	87	154
Niben251Chr14	153400806	153402306	79	165
Niben251Chr18	58594026	58595526	85	51
Niben251Chr03	87490541	87492041	214	130
Niben251Chr04	95680015	95681515	6	2
Niben251Chr04	177441264	177442764	2554	1223
Niben251Chr04	96390677	96392177	3660	2968
Niben251Chr17	56811232	56812732	2198	1492
Niben251Chr19	20286232	20287732	2796	2040
Niben251Chr19	122103548	122105048	561	404
Niben251Chr16	15964169	15965669	1952	1855
Niben251Chr10	26196021	26197521	5558	3245
Niben251Chr19	121981820	121983320	539	524
Niben251Chr16	15969218	15970718	1609	875
Niben251Chr05	8125152	8126652	29	88
Niben251Chr04	176760652	176762152	119	329
Niben251Chr11	103597565	103599065	68	84
Niben251Chr05	30235059	30236559	240	233
Niben251Chr15	142345297	142346797	124	87
Niben251Chr16	11687422	11688922	278	190
Niben251Chr15	1625105	1626605	440	310
Niben251Chr12	145277680	145279180	78	661
Niben251Chr15	640875	642375	98	124
Niben251Chr05	8125152	8126652	29	88
Niben251Chr02	143676688	143678188	179	158
Niben251Chr16	20974923	20976423	115	96
Niben251Chr15	640875	642375	98	124
Niben251Chr12	83368746	83370246	7	11
Niben251Chr19	15166058	15167558	9	4
Niben251Chr16	101252402	101253902	488	336
Niben251Chr07	126608508	126610008	91	90
Niben251Chr16	19100406	19101906	81	243
Niben251Chr04	180145930	180147430	78	114
Niben251Chr14	123464418	123465918	14	12
Niben251Chr15	78932388	78933888	302	181
Niben251Chr11	131741088	131742588	147	159
Niben251Chr14	153400806	153402306	79	165
Niben251Chr15	85032824	85034324	299	272
Niben251Chr01	52694800	52696300	234	321
Niben251Chr16	9972633	9974133	319	304
Niben251Chr03	39341392	39342892	141	74
Niben251Chr13	79850391	79851891	48	37
Niben251Chr12	82673863	82675363	127	144
Niben251Chr06	75030230	75031730	252	162
Niben251Chr10	98495178	98496678	130	108
Niben251Chr10	98495178	98496678	130	108
Niben251Chr06	75030230	75031730	252	162
Niben251Chr12	82673863	82675363	127	144
Niben251Chr12	83368746	83370246	7	11
Niben251Chr19	15166058	15167558	9	4
Niben251Chr12	83368746	83370246	7	11
Niben251Chr19	15166058	15167558	9	4
Niben251Chr05	30235059	30236559	240	233
Niben251Chr11	103597565	103599065	68	84
Niben251Chr08	87300961	87302461	103	223
Niben251Chr01	117620374	117621874	180	220
Niben251Chr16	38078677	38080177	828	518
Niben251Chr15	138331966	138333466	120	212
Niben251Chr07	134795470	134796970	211	144
Niben251Chr01	19433649	19435149	265	144
Niben251Chr12	44969978	44971478	89	310
Niben251Chr16	116904383	116905883	81	447
Niben251Chr16	116904383	116905883	81	447
Niben251Chr12	44969978	44971478	89	310
Niben251Chr08	27856653	27858153	251	274
Niben251Chr13	106353343	106354843	130	139
Niben251Chr09	72745208	72746708	87	154
Niben251Chr19	100055746	100057246	59	78
Niben251Chr01	117620374	117621874	180	220
Niben251Chr01	94811343	94812843	2	0
Niben251Chr14	39933122	39934622	161	322
Niben251Chr06	69493388	69494888	284	312
Niben251Chr01	117620374	117621874	180	220
Niben251Chr11	60217386	60218886	104	112
Niben251Chr05	8125152	8126652	29	88
Niben251Chr01	117620374	117621874	180	220
Niben251Chr11	60217386	60218886	104	112
Niben251Chr01	117620374	117621874	180	220
Niben251Chr11	60217386	60218886	104	112
Niben251Chr16	38078677	38080177	828	518
Niben251Chr02	53216707	53218207	3895	2285
Niben251Chr13	128814851	128816351	315	172
Niben251Chr16	15969218	15970718	1609	875
Niben251Chr04	96390677	96392177	3660	2968
Niben251Chr10	26196021	26197521	5558	3245
Niben251Chr17	56811232	56812732	2198	1492
Niben251Chr19	121981820	121983320	539	524
Niben251Chr16	15964169	15965669	1952	1855
Niben251Chr04	177441264	177442764	2554	1223
Niben251Chr19	122103548	122105048	561	404
Niben251Chr19	20286232	20287732	2796	2040
Niben251Chr04	177441264	177442764	2554	1223
Niben251Chr17	56811232	56812732	2198	1492
Niben251Chr19	122103548	122105048	561	404
Niben251Chr16	15969218	15970718	1609	875
Niben251Chr02	53216707	53218207	3895	2285
Niben251Chr19	121981820	121983320	539	524
Niben251Chr16	15964169	15965669	1952	1855
Niben251Chr04	96390677	96392177	3660	2968
Niben251Chr10	26196021	26197521	5558	3245
Niben251Chr19	20286232	20287732	2796	2040
Niben251Chr13	128814851	128816351	315	172
Niben251Chr07	134795470	134796970	211	144
Niben251Chr11	31722115	31723615	61	101
Niben251Chr19	8277243	8278743	151	116
Niben251Chr09	72745208	72746708	87	154
Niben251Chr14	46537135	46538635	674	462
Niben251Chr04	179831758	179833258	81	71
Niben251Chr12	73510100	73511600	370	199
Niben251Chr01	19433649	19435149	265	144
Niben251Chr07	65773391	65774891	112	138
Niben251Chr04	180145930	180147430	78	114
Niben251Chr09	72745208	72746708	87	154
Niben251Chr18	22587476	22588976	125	106
Niben251Chr11	60217386	60218886	104	112
Niben251Chr01	117620374	117621874	180	220
Niben251Chr01	19433649	19435149	265	144
Niben251Chr12	73510100	73511600	370	199
Niben251Chr07	65773391	65774891	112	138
Niben251Chr09	126434392	126435892	11	15
Niben251Chr09	127945414	127946914	75	93
Niben251Chr12	83368746	83370246	7	11
Niben251Chr19	15166058	15167558	9	4
Niben251Chr12	83368746	83370246	7	11
Niben251Chr19	15166058	15167558	9	4
Niben251Chr12	83368746	83370246	7	11
Niben251Chr19	15166058	15167558	9	4
Niben251Chr02	143676688	143678188	179	158
Niben251Chr02	143676688	143678188	179	158
Niben251Chr16	29349984	29351484	77	73
Niben251Chr16	9972633	9974133	319	304
Niben251Chr16	9972633	9974133	319	304
Niben251Chr16	29349984	29351484	77	73
Niben251Chr07	134795470	134796970	211	144
Niben251Chr07	47948478	47949978	9	17
Niben251Chr14	123464418	123465918	14	12
Niben251Chr09	72745208	72746708	87	154
Niben251Chr06	51797677	51799177	100	385
Niben251Chr09	83888442	83889942	72	99
Niben251Chr03	87490541	87492041	214	130
Niben251Chr18	58594026	58595526	85	51
Niben251Chr14	153400806	153402306	79	165
Niben251Chr10	124009832	124011332	58	33
Niben251Chr16	29349984	29351484	77	73
Niben251Chr10	122299511	122301011	226	368
Niben251Chr07	65773391	65774891	112	138
Niben251Chr12	73510100	73511600	370	199
Niben251Chr01	19433649	19435149	265	144
Niben251Chr04	180145930	180147430	78	114
Niben251Chr04	176760652	176762152	119	329
Niben251Chr14	9166105	9167605	64	108
Niben251Chr09	72745208	72746708	87	154
Niben251Chr01	117620374	117621874	180	220
Niben251Chr19	98147946	98149446	35	36
Niben251Chr19	98147946	98149446	35	36
Niben251Chr16	28056104	28057604	199	419
Niben251Chr16	29349984	29351484	77	73
Niben251Chr16	9972633	9974133	319	304
Niben251Chr12	74115610	74117110	105	134
Niben251Chr01	5424734	5426234	81	90
Niben251Chr09	134317431	134318931	15	17
Niben251Chr15	4687396	4688896	142	207
Niben251Chr11	60217386	60218886	104	112
Niben251Chr01	117620374	117621874	180	220
Niben251Chr15	1625105	1626605	440	310
Niben251Chr11	60217386	60218886	104	112
Niben251Chr01	117620374	117621874	180	220
Niben251Chr08	17391164	17392664	585	337
Niben251Chr16	20974923	20976423	115	96
Niben251Chr02	143676688	143678188	179	158
Niben251Chr02	143676688	143678188	179	158
Niben251Chr02	129383772	129385272	104	173
Niben251Chr08	13726040	13727540	219	226
Niben251Chr18	146039441	146040941	404	271
Niben251Chr08	27856653	27858153	251	274
Niben251Chr16	75260063	75261563	82	94
Niben251Chr04	180145930	180147430	78	114
Niben251Chr03	87490541	87492041	214	130
Niben251Chr14	153400806	153402306	79	165
Niben251Chr18	58594026	58595526	85	51
Niben251Chr02	129383772	129385272	104	173
Niben251Chr06	51797677	51799177	100	385
Niben251Chr06	51797677	51799177	100	385
Niben251Chr05	76195738	76197238	230	187
Niben251Chr02	129939516	129941016	145	122
Niben251Chr07	141875372	141876872	1594	664
Niben251Chr19	71273664	71275164	189	156
Niben251Chr06	142411952	142413452	150	169
Niben251Chr18	11314212	11315712	89	117
Niben251Chr16	20974923	20976423	115	96
Niben251Chr08	15003052	15004552	118	112
Niben251Chr18	147851252	147852752	0	3
Niben251Chr15	138331966	138333466	120	212
Niben251Chr18	22587476	22588976	125	106
Niben251Chr15	4687396	4688896	142	207
Niben251Chr15	152789190	152790690	186	124
Niben251Chr05	113869818	113871318	177	65
Niben251Chr14	9166105	9167605	64	108
Niben251Chr01	173825465	173826965	14	4
Niben251Chr14	100781922	100783422	98	126
Niben251Chr01	98983082	98984582	84	102
Niben251Chr03	108327777	108329277	220	195
Niben251Chr09	72745208	72746708	87	154
Niben251Chr07	19555250	19556750	80	90
Niben251Chr08	1537032	1538532	17	32
Niben251Chr08	1537032	1538532	17	32
Niben251Chr02	143676688	143678188	179	158
Niben251Chr07	134795470	134796970	211	144
Niben251Chr12	83368746	83370246	7	11
Niben251Chr19	15166058	15167558	9	4
Niben251Chr16	116904383	116905883	81	447
Niben251Chr12	44969978	44971478	89	310
Niben251Chr11	103597565	103599065	68	84
Niben251Chr05	30235059	30236559	240	233
Niben251Chr02	3052442	3053942	111	106
Niben251Chr16	101252402	101253902	488	336
Niben251Chr17	127210412	127211912	54	21
Niben251Chr04	90601080	90602580	171	234
Niben251Chr17	103362555	103364055	367	329
Niben251Chr06	142411952	142413452	150	169
Niben251Chr16	20974923	20976423	115	96
Niben251Chr18	11314212	11315712	89	117
Niben251Chr16	638530	640030	101	109
Niben251Chr07	134795470	134796970	211	144
Niben251Chr11	60217386	60218886	104	112
Niben251Chr01	117620374	117621874	180	220
Niben251Chr02	143676688	143678188	179	158
Niben251Chr18	8910098	8911598	145	162
Niben251Chr18	7849434	7850934	42	126
Niben251Chr09	72745208	72746708	87	154
Niben251Chr09	72745208	72746708	87	154
Niben251Chr09	72745208	72746708	87	154
Niben251Chr14	39933122	39934622	161	322
Niben251Chr01	94811343	94812843	2	0
Niben251Chr16	38078677	38080177	828	518
Niben251Chr16	38078677	38080177	828	518
Niben251Chr06	51797677	51799177	100	385
Niben251Chr06	51797677	51799177	100	385
Niben251Chr06	51797677	51799177	100	385
Niben251Chr15	145843569	145845069	106	251
Niben251Chr01	117620374	117621874	180	220
Niben251Chr11	60217386	60218886	104	112
Niben251Chr03	164762052	164763552	209	214
Niben251Chr12	12924133	12925633	62	73
Niben251Chr02	143676688	143678188	179	158
Niben251Chr06	142411952	142413452	150	169
Niben251Chr18	11314212	11315712	89	117
Niben251Chr16	20974923	20976423	115	96
Niben251Chr12	47595137	47596637	84	117
Niben251Chr12	74115610	74117110	105	134
Niben251Chr08	27856653	27858153	251	274
Niben251Chr08	27856653	27858153	251	274
Niben251Chr19	15164149	15165649	812	722
Niben251Chr15	65342106	65343606	458	607
Niben251Chr14	50222417	50223917	345	376
Niben251Chr14	123464418	123465918	14	12
Niben251Chr07	47948478	47949978	9	17
Niben251Chr18	118016254	118017754	815	331
Niben251Chr19	52943083	52944583	469	131
Niben251Chr12	4447964	4449464	134	133
Niben251Chr13	143115625	143117125	655	498
Niben251Chr04	174314063	174315563	570	642
Niben251Chr02	77824302	77825802	270	528
Niben251Chr02	143676688	143678188	179	158
Niben251Chr02	77824302	77825802	270	528
Niben251Chr02	143676688	143678188	179	158
Niben251Chr06	75030230	75031730	252	162
Niben251Chr10	98495178	98496678	130	108
Niben251Chr12	82230632	82232132	45	40
Niben251Chr11	24023359	24024859	108	154
Niben251Chr06	51797677	51799177	100	385
Niben251Chr06	51797677	51799177	100	385
Niben251Chr12	12924133	12925633	62	73
Niben251Chr15	4687396	4688896	142	207
Niben251Chr15	4687396	4688896	142	207
Niben251Chr02	3052442	3053942	111	106
Niben251Chr15	4687396	4688896	142	207
Niben251Chr15	4687396	4688896	142	207
Niben251Chr15	2751175	2752675	120	139
Niben251Chr15	4687396	4688896	142	207
Niben251Chr19	18164629	18166129	23	204
Niben251Chr12	83368746	83370246	7	11
Niben251Chr19	15166058	15167558	9	4
Niben251Chr09	23432294	23433794	75	109
Niben251Chr04	111681637	111683137	104	195
Niben251Chr11	60217386	60218886	104	112
Niben251Chr01	117620374	117621874	180	220
Niben251Chr15	152789190	152790690	186	124
Niben251Chr01	117620374	117621874	180	220
Niben251Chr16	22474831	22476331	1	3
Niben251Chr06	142411952	142413452	150	169
Niben251Chr18	11314212	11315712	89	117
Niben251Chr16	20974923	20976423	115	96
Niben251Chr05	8125152	8126652	29	88
Niben251Chr19	122103548	122105048	561	404
Niben251Chr02	53216707	53218207	3895	2285
Niben251Chr04	96390677	96392177	3660	2968
Niben251Chr17	56811232	56812732	2198	1492
Niben251Chr19	121981820	121983320	539	524
Niben251Chr13	128814851	128816351	315	172
Niben251Chr16	15969218	15970718	1609	875
Niben251Chr10	26196021	26197521	5558	3245
Niben251Chr04	177441264	177442764	2554	1223
Niben251Chr16	15964169	15965669	1952	1855
Niben251Chr19	20286232	20287732	2796	2040
Niben251Chr02	53216707	53218207	3895	2285
Niben251Chr13	128814851	128816351	315	172
Niben251Chr04	96390677	96392177	3660	2968
Niben251Chr16	15969218	15970718	1609	875
Niben251Chr16	15964169	15965669	1952	1855
Niben251Chr17	56811232	56812732	2198	1492
Niben251Chr10	26196021	26197521	5558	3245
Niben251Chr19	121981820	121983320	539	524
Niben251Chr04	177441264	177442764	2554	1223
Niben251Chr19	20286232	20287732	2796	2040
Niben251Chr19	122103548	122105048	561	404
Niben251Chr15	97133997	97135497	112	126
Niben251Chr13	128512840	128514340	248	521
Niben251Chr11	60217386	60218886	104	112
Niben251Chr06	37402136	37403636	683	412
Niben251Chr05	132058797	132060297	442	379
Niben251Chr07	19555250	19556750	80	90
Niben251Chr18	8910098	8911598	145	162
Niben251Chr02	143676688	143678188	179	158
Niben251Chr02	143676688	143678188	179	158
Niben251Chr02	143676688	143678188	179	158
Niben251Chr05	113869818	113871318	177	65
Niben251Chr12	73510100	73511600	370	199
Niben251Chr01	19433649	19435149	265	144
Niben251Chr02	143676688	143678188	179	158
Niben251Chr18	8910098	8911598	145	162
Niben251Chr11	60217386	60218886	104	112
Niben251Chr01	117620374	117621874	180	220
Niben251Chr01	94811343	94812843	2	0
Niben251Chr14	39933122	39934622	161	322
Niben251Chr16	38078677	38080177	828	518
Niben251Chr03	5999207	6000707	59	50
Niben251Chr16	116904383	116905883	81	447
Niben251Chr12	44969978	44971478	89	310
Niben251Chr01	165948019	165949519	3	19
Niben251Chr04	176760652	176762152	119	329
Niben251Chr17	121943231	121944731	116	72
Niben251Chr01	173825465	173826965	14	4
Niben251Chr16	78969762	78971262	286	178
Niben251Chr18	11314212	11315712	89	117
Niben251Chr06	142411952	142413452	150	169
Niben251Chr16	20974923	20976423	115	96
Niben251Chr04	95680015	95681515	6	2
Niben251Chr12	74115610	74117110	105	134
Niben251Chr01	16355848	16357348	62	181
Niben251Chr08	35282603	35284103	630	1232
Niben251Chr09	72745208	72746708	87	154
Niben251Chr15	85032824	85034324	299	272
Niben251Chr01	117620374	117621874	180	220
Niben251Chr11	60217386	60218886	104	112
Niben251Chr07	134795470	134796970	211	144
Niben251Chr09	72745208	72746708	87	154
Niben251Chr14	39933122	39934622	161	322
Niben251Chr01	94811343	94812843	2	0
Niben251Chr05	85599985	85601485	437	409
Niben251Chr01	167240531	167242031	104	212
Niben251Chr05	8125152	8126652	29	88
Niben251Chr03	77905405	77906905	206	667
Niben251Chr16	83203266	83204766	640	651
Niben251Chr12	37333690	37335190	618	660
Niben251Chr14	9166105	9167605	64	108
Niben251Chr05	8125152	8126652	29	88
Niben251Chr19	15166058	15167558	9	4
Niben251Chr12	83368746	83370246	7	11
Niben251Chr01	173825465	173826965	14	4
Niben251Chr03	168623556	168625056	356	346
Niben251Chr08	85844387	85845887	348	269
Niben251Chr03	168623556	168625056	356	346
Niben251Chr08	85844387	85845887	348	269
Niben251Chr08	87300961	87302461	103	223
Niben251Chr12	44969978	44971478	89	310
Niben251Chr16	116904383	116905883	81	447
Niben251Chr01	94811343	94812843	2	0
Niben251Chr14	39933122	39934622	161	322
Niben251Chr19	95655945	95657445	387	557
Niben251Chr14	31542099	31543599	78	213
Niben251Chr01	117620374	117621874	180	220
Niben251Chr11	60217386	60218886	104	112
Niben251Chr08	27856653	27858153	251	274
Niben251Chr08	109150626	109152126	110	125
Niben251Chr01	117620374	117621874	180	220
Niben251Chr16	638530	640030	101	109
Niben251Chr16	638530	640030	101	109
Niben251Chr16	638530	640030	101	109
Niben251Chr02	3052442	3053942	111	106
Niben251Chr16	16696589	16698089	237	696
Niben251Chr19	95655945	95657445	387	557
Niben251Chr07	125015903	125017403	1369	1266
Niben251Chr05	53071487	53072987	18	32
Niben251Chr15	40588264	40589764	14	18
Niben251Chr08	25146729	25148229	274	319
Niben251Chr19	15166058	15167558	9	4
Niben251Chr12	83368746	83370246	7	11
Niben251Chr14	9166105	9167605	64	108
Niben251Chr08	27856653	27858153	251	274
Niben251Chr15	640875	642375	98	124
Niben251Chr08	1537032	1538532	17	32
Niben251Chr03	6954799	6956299	10	29
Niben251Chr05	8125152	8126652	29	88
Niben251Chr16	29349984	29351484	77	73
Niben251Chr16	9972633	9974133	319	304
Niben251Chr15	28389272	28390772	74	182
Niben251Chr02	143676688	143678188	179	158
Niben251Chr02	77824302	77825802	270	528
Niben251Chr02	77824302	77825802	270	528
Niben251Chr02	143676688	143678188	179	158
Niben251Chr12	83368746	83370246	7	11
Niben251Chr19	15166058	15167558	9	4
Niben251Chr12	83368746	83370246	7	11
Niben251Chr19	15166058	15167558	9	4
Niben251Chr19	15166058	15167558	9	4
Niben251Chr12	83368746	83370246	7	11
Niben251Chr19	15166058	15167558	9	4
Niben251Chr12	83368746	83370246	7	11
Niben251Chr11	60217386	60218886	104	112
Niben251Chr08	1537032	1538532	17	32
Niben251Chr11	60217386	60218886	104	112
Niben251Chr16	20974923	20976423	115	96
Niben251Chr08	27856653	27858153	251	274
Niben251Chr08	27856653	27858153	251	274
Niben251Chr08	27856653	27858153	251	274
Niben251Chr08	27856653	27858153	251	274
Niben251Chr03	39341392	39342892	141	74
Niben251Chr11	31722115	31723615	61	101
Niben251Chr05	8125152	8126652	29	88
Niben251Chr04	180145930	180147430	78	114
Niben251Chr15	78932388	78933888	302	181
Niben251Chr15	2751175	2752675	120	139
Niben251Chr12	74115610	74117110	105	134
Niben251Chr14	153400806	153402306	79	165
Niben251Chr06	72865630	72867130	182	312
Niben251Chr03	66857519	66859019	97	93
Niben251Chr08	1537032	1538532	17	32
Niben251Chr08	1537032	1538532	17	32
Niben251Chr17	101401787	101403287	42	134
Niben251Chr16	43956281	43957781	154	128
Niben251Chr14	123464418	123465918	14	12
Niben251Chr08	1537032	1538532	17	32
Niben251Chr16	9972633	9974133	319	304
Niben251Chr16	29349984	29351484	77	73
Niben251Chr07	144268888	144270388	74	81
Niben251Chr12	74115610	74117110	105	134
Niben251Chr04	95680015	95681515	6	2
Niben251Chr06	142411952	142413452	150	169
Niben251Chr16	20974923	20976423	115	96
Niben251Chr18	11314212	11315712	89	117
Niben251Chr14	123464418	123465918	14	12
Niben251Chr03	4494310	4495810	144	138
Niben251Chr19	99209034	99210534	8	14
Niben251Chr09	72745208	72746708	87	154
Niben251Chr12	44969978	44971478	89	310
Niben251Chr16	116904383	116905883	81	447
Niben251Chr11	60217386	60218886	104	112
Niben251Chr01	117620374	117621874	180	220
Niben251Chr01	117620374	117621874	180	220
Niben251Chr11	60217386	60218886	104	112
Niben251Chr02	143676688	143678188	179	158
Niben251Chr17	109871684	109873184	89	68
Niben251Chr11	60217386	60218886	104	112
Niben251Chr01	117620374	117621874	180	220
Niben251Chr12	74115610	74117110	105	134
Niben251Chr19	71273664	71275164	189	156
Niben251Chr07	141875372	141876872	1594	664
Niben251Chr05	76195738	76197238	230	187
Niben251Chr02	129939516	129941016	145	122
Niben251Chr15	640875	642375	98	124
Niben251Chr01	52694800	52696300	234	321
Niben251Chr09	72745208	72746708	87	154
Niben251Chr14	123464418	123465918	14	12
Niben251Chr01	98983082	98984582	84	102
Niben251Chr15	4687396	4688896	142	207
Niben251Chr16	29349984	29351484	77	73
Niben251Chr16	9972633	9974133	319	304
Niben251Chr14	153400806	153402306	79	165
Niben251Chr01	94811343	94812843	2	0
Niben251Chr14	39933122	39934622	161	322
Niben251Chr16	38078677	38080177	828	518
Niben251Chr01	117620374	117621874	180	220
Niben251Chr11	60217386	60218886	104	112
Niben251Chr03	87490541	87492041	214	130
Niben251Chr18	58594026	58595526	85	51
Niben251Chr14	153400806	153402306	79	165
Niben251Chr06	51797677	51799177	100	385
Niben251Chr11	131741088	131742588	147	159
Niben251Chr08	109150626	109152126	110	125
Niben251Chr04	95680015	95681515	6	2
Niben251Chr16	9972633	9974133	319	304
Niben251Chr16	29349984	29351484	77	73
Niben251Chr16	29349984	29351484	77	73
Niben251Chr16	29349984	29351484	77	73
Niben251Chr09	111804169	111805669	156	107
Niben251Chr16	29349984	29351484	77	73
Niben251Chr15	28389272	28390772	74	182
Niben251Chr08	1537032	1538532	17	32
Niben251Chr08	1537032	1538532	17	32
Niben251Chr10	129636113	129637613	52	104
Niben251Chr01	52694800	52696300	234	321
Niben251Chr03	66857519	66859019	97	93
Niben251Chr12	12924133	12925633	62	73
Niben251Chr08	1537032	1538532	17	32
Niben251Chr09	72745208	72746708	87	154
Niben251Chr07	134795470	134796970	211	144
Niben251Chr06	51797677	51799177	100	385
Niben251Chr15	28389272	28390772	74	182
Niben251Chr19	17392010	17393510	185	155
Niben251Chr15	85032824	85034324	299	272
Niben251Chr12	83368746	83370246	7	11
Niben251Chr19	15166058	15167558	9	4
Niben251Chr12	83368746	83370246	7	11
Niben251Chr19	15166058	15167558	9	4
Niben251Chr19	15166058	15167558	9	4
Niben251Chr12	83368746	83370246	7	11
Niben251Chr12	83368746	83370246	7	11
Niben251Chr19	15166058	15167558	9	4
Niben251Chr12	83368746	83370246	7	11
Niben251Chr19	15166058	15167558	9	4
Niben251Chr16	20974923	20976423	115	96
Niben251Chr16	20974923	20976423	115	96
Niben251Chr01	117620374	117621874	180	220
Niben251Chr11	60217386	60218886	104	112
Niben251Chr19	98147946	98149446	35	36
Niben251Chr16	83203266	83204766	640	651
Niben251Chr12	37333690	37335190	618	660
Niben251Chr01	117620374	117621874	180	220
Niben251Chr11	60217386	60218886	104	112
Niben251Chr03	66857519	66859019	97	93
Niben251Chr03	66857519	66859019	97	93
Niben251Chr10	98495178	98496678	130	108
Niben251Chr06	75030230	75031730	252	162
Niben251Chr12	82673863	82675363	127	144
Niben251Chr08	40812010	40813510	84	101
Niben251Chr15	142345297	142346797	124	87
Niben251Chr09	72745208	72746708	87	154
Niben251Chr05	8125152	8126652	29	88
Niben251Chr13	128512840	128514340	248	521
Niben251Chr08	1537032	1538532	17	32
Niben251Chr08	1537032	1538532	17	32
Niben251Chr03	164762052	164763552	209	214
Niben251Chr04	176760652	176762152	119	329
Niben251Chr06	87664182	87665682	43	28
Niben251Chr01	165948019	165949519	3	19
Niben251Chr02	143676688	143678188	179	158
Niben251Chr03	5999207	6000707	59	50
Niben251Chr11	60217386	60218886	104	112
Niben251Chr01	117620374	117621874	180	220
Niben251Chr05	30235059	30236559	240	233
Niben251Chr11	103597565	103599065	68	84
Niben251Chr16	106631413	106632913	909	647
Niben251Chr18	22587476	22588976	125	106
Niben251Chr16	76380407	76381907	16	27
Niben251Chr03	103724863	103726363	100	138
Niben251Chr10	98495178	98496678	130	108
Niben251Chr08	40812010	40813510	84	101
Niben251Chr06	75030230	75031730	252	162
Niben251Chr12	82673863	82675363	127	144
Niben251Chr14	123464418	123465918	14	12
Niben251Chr11	60217386	60218886	104	112
Niben251Chr01	117620374	117621874	180	220
Niben251Chr14	123464418	123465918	14	12
Niben251Chr14	153400806	153402306	79	165
Niben251Chr18	58594026	58595526	85	51
Niben251Chr03	87490541	87492041	214	130
Niben251Chr14	123464418	123465918	14	12
Niben251Chr07	134795470	134796970	211	144
Niben251Chr18	59492575	59494075	82	70
Niben251Chr01	117620374	117621874	180	220
Niben251Chr11	60217386	60218886	104	112
Niben251Chr16	142735614	142737114	5	3
Niben251Chr12	83368746	83370246	7	11
Niben251Chr19	15166058	15167558	9	4
Niben251Chr08	1537032	1538532	17	32
Niben251Chr08	1537032	1538532	17	32
Niben251Chr01	117620374	117621874	180	220
Niben251Chr01	117620374	117621874	180	220
Niben251Chr11	60217386	60218886	104	112
Niben251Chr08	17391164	17392664	585	337
Niben251Chr01	117620374	117621874	180	220
Niben251Chr11	60217386	60218886	104	112
Niben251Chr18	58594026	58595526	85	51
Niben251Chr14	153400806	153402306	79	165
Niben251Chr03	87490541	87492041	214	130
Niben251Chr12	58881906	58883406	38	72
Niben251Chr15	2751175	2752675	120	139
Niben251Chr01	94811343	94812843	2	0
Niben251Chr14	39933122	39934622	161	322
Niben251Chr04	82044149	82045649	105	181
Niben251Chr12	83368746	83370246	7	11
Niben251Chr19	15166058	15167558	9	4
Niben251Chr07	134795470	134796970	211	144
Niben251Chr08	15721728	15723228	100	109
Niben251Chr08	15721728	15723228	100	109
Niben251Chr12	4447964	4449464	134	133
Niben251Chr12	4447964	4449464	134	133
Niben251Chr11	60217386	60218886	104	112
Niben251Chr01	117620374	117621874	180	220
Niben251Chr08	6720572	6722072	279	200
Niben251Chr06	43675990	43677490	330	242
Niben251Chr15	91045989	91047489	153	94
Niben251Chr12	44969978	44971478	89	310
Niben251Chr16	116904383	116905883	81	447
Niben251Chr05	113869818	113871318	177	65
Niben251Chr01	117620374	117621874	180	220
Niben251Chr11	60217386	60218886	104	112
Niben251Chr10	129636113	129637613	52	104
Niben251Chr01	52694800	52696300	234	321
Niben251Chr15	152789190	152790690	186	124
Niben251Chr06	142411952	142413452	150	169
Niben251Chr18	11314212	11315712	89	117
Niben251Chr16	20974923	20976423	115	96
Niben251Chr14	153400806	153402306	79	165
Niben251Chr13	115008576	115010076	152	174
Niben251Chr18	58594026	58595526	85	51
Niben251Chr03	87490541	87492041	214	130
Niben251Chr14	153400806	153402306	79	165
Niben251Chr16	29349984	29351484	77	73
Niben251Chr10	65080716	65082216	79	116
Niben251Chr06	87664182	87665682	43	28
Niben251Chr18	59492575	59494075	82	70
Niben251Chr13	5961052	5962552	340	280
Niben251Chr09	136578953	136580453	196	128
Niben251Chr16	29349984	29351484	77	73
Niben251Chr16	29349984	29351484	77	73
Niben251Chr04	180145930	180147430	78	114
Niben251Chr09	72745208	72746708	87	154
Niben251Chr11	60217386	60218886	104	112
Niben251Chr15	91045989	91047489	153	94
Niben251Chr17	80257006	80258506	74	162
Niben251Chr13	35284053	35285553	94	231
Niben251Chr02	143676688	143678188	179	158
Niben251Chr16	116904383	116905883	81	447
Niben251Chr12	44969978	44971478	89	310
Niben251Chr19	17392010	17393510	185	155
Niben251Chr08	113824306	113825806	497	1029
Niben251Chr01	117620374	117621874	180	220
Niben251Chr11	60217386	60218886	104	112
Niben251Chr03	108327777	108329277	220	195
Niben251Chr01	117620374	117621874	180	220
Niben251Chr11	60217386	60218886	104	112
Niben251Chr01	98983082	98984582	84	102
Niben251Chr04	82044149	82045649	105	181
Niben251Chr16	638530	640030	101	109
Niben251Chr18	11314212	11315712	89	117
Niben251Chr16	20974923	20976423	115	96
Niben251Chr06	142411952	142413452	150	169
Niben251Chr04	156783641	156785141	6	15
Niben251Chr08	109150626	109152126	110	125
Niben251Chr14	123464418	123465918	14	12
Niben251Chr05	8125152	8126652	29	88
Niben251Chr01	117620374	117621874	180	220
Niben251Chr11	60217386	60218886	104	112
Niben251Chr07	65773391	65774891	112	138
Niben251Chr12	73510100	73511600	370	199
Niben251Chr01	19433649	19435149	265	144
Niben251Chr07	134795470	134796970	211	144
Niben251Chr01	117620374	117621874	180	220
Niben251Chr11	60217386	60218886	104	112
Niben251Chr15	85032824	85034324	299	272
Niben251Chr07	134795470	134796970	211	144
Niben251Chr01	98983082	98984582	84	102
Niben251Chr04	183942511	183944011	96	78
Niben251Chr09	72745208	72746708	87	154
Niben251Chr12	73510100	73511600	370	199
Niben251Chr01	19433649	19435149	265	144
Niben251Chr07	65773391	65774891	112	138
Niben251Chr11	60217386	60218886	104	112
Niben251Chr01	117620374	117621874	180	220
Niben251Chr12	74115610	74117110	105	134
Niben251Chr08	27856653	27858153	251	274
Niben251Chr12	44969978	44971478	89	310
Niben251Chr16	116904383	116905883	81	447
Niben251Chr12	44969978	44971478	89	310
Niben251Chr16	116904383	116905883	81	447
Niben251Chr17	127210412	127211912	54	21
Niben251Chr15	28389272	28390772	74	182
Niben251Chr02	97943901	97945401	90	81
Niben251Chr05	566619	568119	181	149
Niben251Chr08	27856653	27858153	251	274
Niben251Chr08	27856653	27858153	251	274
Niben251Chr08	27856653	27858153	251	274
Niben251Chr08	27856653	27858153	251	274
Niben251Chr08	27856653	27858153	251	274
Niben251Chr08	27856653	27858153	251	274
Niben251Chr08	27856653	27858153	251	274
Niben251Chr08	27856653	27858153	251	274
Niben251Chr08	27856653	27858153	251	274
Niben251Chr08	27856653	27858153	251	274
Niben251Chr08	27856653	27858153	251	274
Niben251Chr08	27856653	27858153	251	274
Niben251Chr08	27856653	27858153	251	274
Niben251Chr08	27856653	27858153	251	274
Niben251Chr08	27856653	27858153	251	274
Niben251Chr08	27856653	27858153	251	274
Niben251Chr05	113869818	113871318	177	65
Niben251Chr15	109849369	109850869	144	151
Niben251Chr19	15166058	15167558	9	4
Niben251Chr12	83368746	83370246	7	11
Niben251Chr11	131741088	131742588	147	159
Niben251Chr11	60217386	60218886	104	112
Niben251Chr01	117620374	117621874	180	220
Niben251Chr08	27856653	27858153	251	274
Niben251Chr18	7849434	7850934	42	126
Niben251Chr09	72745208	72746708	87	154
Niben251Chr09	111804169	111805669	156	107
Niben251Chr16	75260063	75261563	82	94
Niben251Chr19	122103548	122105048	561	404
Niben251Chr10	26196021	26197521	5558	3245
Niben251Chr02	53216707	53218207	3895	2285
Niben251Chr19	121981820	121983320	539	524
Niben251Chr04	177441264	177442764	2554	1223
Niben251Chr16	15969218	15970718	1609	875
Niben251Chr19	20286232	20287732	2796	2040
Niben251Chr17	56811232	56812732	2198	1492
Niben251Chr13	128814851	128816351	315	172
Niben251Chr04	96390677	96392177	3660	2968
Niben251Chr16	15964169	15965669	1952	1855
Niben251Chr08	1537032	1538532	17	32
Niben251Chr14	123464418	123465918	14	12
Niben251Chr09	72745208	72746708	87	154
Niben251Chr14	123464418	123465918	14	12
Niben251Chr01	94811343	94812843	2	0
Niben251Chr14	39933122	39934622	161	322
Niben251Chr03	87490541	87492041	214	130
Niben251Chr18	58594026	58595526	85	51
Niben251Chr14	153400806	153402306	79	165
Niben251Chr07	122208134	122209634	63	130
Niben251Chr06	142411952	142413452	150	169
Niben251Chr16	20974923	20976423	115	96
Niben251Chr18	11314212	11315712	89	117
Niben251Chr11	60217386	60218886	104	112
Niben251Chr01	117620374	117621874	180	220
Niben251Chr15	113682833	113684333	237	364
Niben251Chr07	95780024	95781524	161	260
Niben251Chr07	144268888	144270388	74	81
Niben251Chr14	140410786	140412286	287	507
Niben251Chr14	140410786	140412286	287	507
Niben251Chr14	140410786	140412286	287	507
Niben251Chr14	140410786	140412286	287	507
Niben251Chr08	87300961	87302461	103	223
Niben251Chr08	1537032	1538532	17	32
Niben251Chr16	638530	640030	101	109
Niben251Chr08	27856653	27858153	251	274
Niben251Chr07	65773391	65774891	112	138
Niben251Chr01	19433649	19435149	265	144
Niben251Chr12	73510100	73511600	370	199
Niben251Chr18	147851252	147852752	0	3
Niben251Chr16	116904383	116905883	81	447
Niben251Chr12	44969978	44971478	89	310
Niben251Chr16	116904383	116905883	81	447
Niben251Chr12	44969978	44971478	89	310
Niben251Chr12	44969978	44971478	89	310
Niben251Chr16	116904383	116905883	81	447
Niben251Chr16	116904383	116905883	81	447
Niben251Chr16	116904383	116905883	81	447
Niben251Chr12	44969978	44971478	89	310
Niben251Chr16	116904383	116905883	81	447
Niben251Chr12	44969978	44971478	89	310
Niben251Chr16	116904383	116905883	81	447
Niben251Chr12	44969978	44971478	89	310
Niben251Chr07	47948478	47949978	9	17
Niben251Chr07	47948478	47949978	9	17
Niben251Chr12	12924133	12925633	62	73
Niben251Chr07	134795470	134796970	211	144
Niben251Chr16	38078677	38080177	828	518
Niben251Chr02	143676688	143678188	179	158
Niben251Chr02	143676688	143678188	179	158
Niben251Chr02	143676688	143678188	179	158
Niben251Chr02	143676688	143678188	179	158
Niben251Chr02	143676688	143678188	179	158
Niben251Chr02	143676688	143678188	179	158
Niben251Chr02	143676688	143678188	179	158
Niben251Chr15	143918706	143920206	117	127
Niben251Chr01	117620374	117621874	180	220
Niben251Chr11	60217386	60218886	104	112
Niben251Chr08	1537032	1538532	17	32
Niben251Chr05	113869818	113871318	177	65
Niben251Chr06	108842582	108844082	2522	1413
Niben251Chr04	167398583	167400083	1297	942
Niben251Chr01	146641242	146642742	221	188
Niben251Chr04	62380406	62381906	387	512
Niben251Chr08	17647926	17649426	1885	1640
Niben251Chr07	145538475	145539975	55	94
Niben251Chr06	108641442	108642942	92	123
Niben251Chr08	17391164	17392664	585	337
Niben251Chr14	123464418	123465918	14	12
Niben251Chr08	25146729	25148229	274	319
Niben251Chr08	25146729	25148229	274	319
Niben251Chr08	25146729	25148229	274	319
Niben251Chr08	25146729	25148229	274	319
Niben251Chr08	25146729	25148229	274	319
Niben251Chr08	25146729	25148229	274	319
Niben251Chr08	25146729	25148229	274	319
Niben251Chr11	60217386	60218886	104	112
Niben251Chr01	117620374	117621874	180	220
Niben251Chr19	98147946	98149446	35	36
Niben251Chr16	116904383	116905883	81	447
Niben251Chr12	44969978	44971478	89	310
Niben251Chr16	16696589	16698089	237	696
Niben251Chr06	53888251	53889751	128	234
Niben251Chr19	95655945	95657445	387	557
Niben251Chr02	126185439	126186939	304	976
Niben251Chr14	31542099	31543599	78	213
Niben251Chr07	125015903	125017403	1369	1266
Niben251Chr08	27856653	27858153	251	274
Niben251Chr08	27856653	27858153	251	274
Niben251Chr08	27856653	27858153	251	274
Niben251Chr08	27856653	27858153	251	274
Niben251Chr08	27856653	27858153	251	274
Niben251Chr08	27856653	27858153	251	274
Niben251Chr08	35282603	35284103	630	1232
Niben251Chr04	95680015	95681515	6	2
Niben251Chr18	147851252	147852752	0	3
Niben251Chr15	91045989	91047489	153	94
Niben251Chr04	180145930	180147430	78	114
Niben251Chr11	60217386	60218886	104	112
Niben251Chr01	117620374	117621874	180	220
Niben251Chr11	60217386	60218886	104	112
Niben251Chr01	117620374	117621874	180	220
Niben251Chr08	1537032	1538532	17	32
Niben251Chr16	22474831	22476331	1	3
Niben251Chr13	115008576	115010076	152	174
Niben251Chr11	60217386	60218886	104	112
Niben251Chr01	117620374	117621874	180	220
Niben251Chr09	127945414	127946914	75	93
Niben251Chr12	12924133	12925633	62	73
Niben251Chr11	60217386	60218886	104	112
Niben251Chr16	20974923	20976423	115	96
Niben251Chr16	75260063	75261563	82	94
Niben251Chr16	75260063	75261563	82	94
Niben251Chr02	143676688	143678188	179	158
Niben251Chr01	72992898	72994398	310	416
Niben251Chr07	94163172	94164672	260	125
Niben251Chr07	102237356	102238856	164	158
Niben251Chr15	116520104	116521604	238	134
Niben251Chr05	8125152	8126652	29	88
Niben251Chr09	134207434	134208934	290	324
Niben251Chr15	152789190	152790690	186	124
Niben251Chr06	51797677	51799177	100	385
Niben251Chr06	85676734	85678234	49	73
Niben251Chr01	98983082	98984582	84	102
Niben251Chr08	27856653	27858153	251	274
Niben251Chr14	146921825	146923325	42	114
Niben251Chr02	143676688	143678188	179	158
Niben251Chr08	27856653	27858153	251	274
Niben251Chr08	27856653	27858153	251	274
Niben251Chr01	117620374	117621874	180	220
Niben251Chr11	60217386	60218886	104	112
Niben251Chr18	8910098	8911598	145	162
Niben251Chr12	44969978	44971478	89	310
Niben251Chr16	116904383	116905883	81	447
Niben251Chr12	44969978	44971478	89	310
Niben251Chr16	116904383	116905883	81	447
Niben251Chr16	38078677	38080177	828	518
Niben251Chr12	44969978	44971478	89	310
Niben251Chr16	116904383	116905883	81	447
Niben251Chr06	132341574	132343074	15	9
Niben251Chr07	134795470	134796970	211	144
Niben251Chr09	72745208	72746708	87	154
Niben251Chr14	39933122	39934622	161	322
Niben251Chr01	94811343	94812843	2	0
Niben251Chr02	143676688	143678188	179	158
Niben251Chr02	143676688	143678188	179	158
Niben251Chr03	77905405	77906905	206	667
Niben251Chr04	176760652	176762152	119	329
Niben251Chr03	166780638	166782138	122	203
Niben251Chr05	8125152	8126652	29	88
Niben251Chr08	87300961	87302461	103	223
Niben251Chr19	95655945	95657445	387	557
Niben251Chr14	31542099	31543599	78	213
Niben251Chr06	53888251	53889751	128	234
Niben251Chr01	117620374	117621874	180	220
Niben251Chr16	638530	640030	101	109
Niben251Chr04	27787805	27789305	449	409
Niben251Chr06	35313933	35315433	540	545
Niben251Chr14	31542099	31543599	78	213
Niben251Chr16	16696589	16698089	237	696
Niben251Chr19	95655945	95657445	387	557
Niben251Chr07	125015903	125017403	1369	1266
Niben251Chr06	53888251	53889751	128	234
Niben251Chr05	53071487	53072987	18	32
Niben251Chr01	117620374	117621874	180	220
Niben251Chr11	60217386	60218886	104	112
Niben251Chr19	15166058	15167558	9	4
Niben251Chr12	83368746	83370246	7	11
Niben251Chr14	141403544	141405044	19	22
Niben251Chr09	72745208	72746708	87	154
Niben251Chr12	74115610	74117110	105	134
Niben251Chr08	1537032	1538532	17	32
Niben251Chr13	118955630	118957130	80	64
Niben251Chr19	15166058	15167558	9	4
Niben251Chr12	83368746	83370246	7	11
Niben251Chr08	1537032	1538532	17	32
Niben251Chr08	27856653	27858153	251	274
Niben251Chr14	146921825	146923325	42	114
Niben251Chr12	74115610	74117110	105	134
Niben251Chr11	60217386	60218886	104	112
Niben251Chr01	117620374	117621874	180	220
Niben251Chr14	123464418	123465918	14	12
Niben251Chr04	62380406	62381906	387	512
Niben251Chr01	146641242	146642742	221	188
Niben251Chr04	167398583	167400083	1297	942
Niben251Chr06	108842582	108844082	2522	1413
Niben251Chr08	17647926	17649426	1885	1640
Niben251Chr02	47715142	47716642	394	348
Niben251Chr07	134795470	134796970	211	144
Niben251Chr14	153400806	153402306	79	165
Niben251Chr03	66857519	66859019	97	93
Niben251Chr08	1537032	1538532	17	32
Niben251Chr15	152789190	152790690	186	124
Niben251Chr16	76380407	76381907	16	27
Niben251Chr14	123464418	123465918	14	12
Niben251Chr01	117620374	117621874	180	220
Niben251Chr10	9434074	9435574	198	648
Niben251Chr01	98983082	98984582	84	102
Niben251Chr11	60217386	60218886	104	112
Niben251Chr08	1537032	1538532	17	32
Niben251Chr03	5999207	6000707	59	50
Niben251Chr16	106631413	106632913	909	647
Niben251Chr07	47948478	47949978	9	17
Niben251Chr05	8125152	8126652	29	88
Niben251Chr05	8125152	8126652	29	88
Niben251Chr01	173825465	173826965	14	4
Niben251Chr11	60217386	60218886	104	112
Niben251Chr01	117620374	117621874	180	220
Niben251Chr02	143676688	143678188	179	158
Niben251Chr09	111159094	111160594	403	424
Niben251Chr10	28896667	28898167	229	363
Niben251Chr09	111804169	111805669	156	107
Niben251Chr05	113869818	113871318	177	65
Niben251Chr01	94811343	94812843	2	0
Niben251Chr14	39933122	39934622	161	322
Niben251Chr14	123464418	123465918	14	12
Niben251Chr07	84716611	84718111	166	186
Niben251Chr19	15166058	15167558	9	4
Niben251Chr09	72745208	72746708	87	154
Niben251Chr08	1537032	1538532	17	32
Niben251Chr08	1537032	1538532	17	32
Niben251Chr08	1537032	1538532	17	32
Niben251Chr15	138331966	138333466	120	212
Niben251Chr01	117620374	117621874	180	220
Niben251Chr11	60217386	60218886	104	112
Niben251Chr05	96939181	96940681	101	75
Niben251Chr07	65773391	65774891	112	138
Niben251Chr12	73510100	73511600	370	199
Niben251Chr01	19433649	19435149	265	144
Niben251Chr01	52694800	52696300	234	321
Niben251Chr08	1537032	1538532	17	32
Niben251Chr11	60217386	60218886	104	112
Niben251Chr07	84716611	84718111	166	186
Niben251Chr16	73328187	73329687	347	533
Niben251Chr16	29349984	29351484	77	73
Niben251Chr08	61458432	61459932	41	48
Niben251Chr14	123464418	123465918	14	12
Niben251Chr15	91045989	91047489	153	94
Niben251Chr15	142345297	142346797	124	87
Niben251Chr11	88042459	88043959	155	208
Niben251Chr15	640875	642375	98	124
Niben251Chr14	123464418	123465918	14	12
Niben251Chr09	127945414	127946914	75	93
Niben251Chr04	95680015	95681515	6	2
Niben251Chr18	38115969	38117469	386	779
Niben251Chr12	96455809	96457309	63	253
Niben251Chr19	20286232	20287732	2796	2040
Niben251Chr04	96390677	96392177	3660	2968
Niben251Chr10	26196021	26197521	5558	3245
Niben251Chr19	122103548	122105048	561	404
Niben251Chr16	15969218	15970718	1609	875
Niben251Chr04	177441264	177442764	2554	1223
Niben251Chr17	56811232	56812732	2198	1492
Niben251Chr19	121981820	121983320	539	524
Niben251Chr16	15964169	15965669	1952	1855
Niben251Chr14	153400806	153402306	79	165
Niben251Chr18	58594026	58595526	85	51
Niben251Chr03	87490541	87492041	214	130
Niben251Chr05	8125152	8126652	29	88
Niben251Chr04	176760652	176762152	119	329
Niben251Chr04	176760652	176762152	119	329
Niben251Chr03	5999207	6000707	59	50
Niben251Chr15	40588264	40589764	14	18
Niben251Scf01608	50578	52078	217	314
Niben251Chr17	127210412	127211912	54	21
Niben251Chr08	27856653	27858153	251	274
Niben251Chr08	27856653	27858153	251	274
Niben251Chr14	123464418	123465918	14	12
Niben251Chr15	1625105	1626605	440	310
Niben251Chr07	65773391	65774891	112	138
Niben251Chr12	73510100	73511600	370	199
Niben251Chr01	19433649	19435149	265	144
Niben251Chr07	65773391	65774891	112	138
Niben251Chr01	19433649	19435149	265	144
Niben251Chr12	73510100	73511600	370	199
Niben251Chr09	72745208	72746708	87	154
Niben251Chr18	49358256	49359756	77	109
Niben251Chr08	27856653	27858153	251	274
Niben251Chr08	27856653	27858153	251	274
Niben251Chr09	8034543	8036043	44	46
Niben251Chr01	117620374	117621874	180	220
Niben251Chr11	60217386	60218886	104	112
Niben251Chr19	15166058	15167558	9	4
Niben251Chr12	83368746	83370246	7	11
Niben251Chr08	27856653	27858153	251	274
Niben251Chr01	98983082	98984582	84	102
Niben251Chr01	117620374	117621874	180	220
Niben251Chr07	134795470	134796970	211	144
Niben251Chr02	143676688	143678188	179	158
Niben251Chr01	19433649	19435149	265	144
Niben251Chr07	65773391	65774891	112	138
Niben251Chr12	73510100	73511600	370	199
Niben251Chr05	8125152	8126652	29	88
Niben251Chr04	156783641	156785141	6	15
Niben251Chr18	11314212	11315712	89	117
Niben251Chr06	142411952	142413452	150	169
Niben251Chr16	20974923	20976423	115	96
Niben251Chr16	638530	640030	101	109
Niben251Chr18	147851252	147852752	0	3
Niben251Chr11	60217386	60218886	104	112
Niben251Chr01	117620374	117621874	180	220
Niben251Chr01	117620374	117621874	180	220
Niben251Chr11	60217386	60218886	104	112
Niben251Chr15	28389272	28390772	74	182
Niben251Chr03	5999207	6000707	59	50
Niben251Chr15	4687396	4688896	142	207
Niben251Chr15	4687396	4688896	142	207
Niben251Chr02	143676688	143678188	179	158
Niben251Chr02	143676688	143678188	179	158
Niben251Chr02	143676688	143678188	179	158
Niben251Chr02	143676688	143678188	179	158
Niben251Chr13	35284053	35285553	94	231
Niben251Chr17	80257006	80258506	74	162
Niben251Chr01	117620374	117621874	180	220
Niben251Chr08	1537032	1538532	17	32
Niben251Chr07	134795470	134796970	211	144
Niben251Chr04	176760652	176762152	119	329
Niben251Chr10	98495178	98496678	130	108
Niben251Chr06	75030230	75031730	252	162
Niben251Chr12	82673863	82675363	127	144
Niben251Chr01	117620374	117621874	180	220
Niben251Chr11	60217386	60218886	104	112
Niben251Chr16	38078677	38080177	828	518
Niben251Chr14	94451180	94452680	78	104
Niben251Chr05	113869818	113871318	177	65
Niben251Chr14	90863752	90865252	84	102
Niben251Chr09	72745208	72746708	87	154
Niben251Chr01	98983082	98984582	84	102
Niben251Chr14	123464418	123465918	14	12
Niben251Chr06	37402136	37403636	683	412
Niben251Chr05	132058797	132060297	442	379
Niben251Chr01	173825465	173826965	14	4
Niben251Chr05	8125152	8126652	29	88
Niben251Chr19	15166058	15167558	9	4
Niben251Chr12	83368746	83370246	7	11
Niben251Chr07	134795470	134796970	211	144
Niben251Chr15	136926158	136927658	202	87
Niben251Chr11	60217386	60218886	104	112
Niben251Chr06	142411952	142413452	150	169
Niben251Chr18	11314212	11315712	89	117
Niben251Chr16	20974923	20976423	115	96
Niben251Chr11	60217386	60218886	104	112
Niben251Chr01	117620374	117621874	180	220
Niben251Chr15	4687396	4688896	142	207
Niben251Chr01	98983082	98984582	84	102
Niben251Chr07	126608508	126610008	91	90
Niben251Chr16	19100406	19101906	81	243
Niben251Chr07	126169070	126170570	248	306
Niben251Chr07	126169070	126170570	248	306
Niben251Chr15	91045989	91047489	153	94
Niben251Chr04	95680015	95681515	6	2
Niben251Chr05	8125152	8126652	29	88
Niben251Chr11	60217386	60218886	104	112
Niben251Chr01	117620374	117621874	180	220
Niben251Chr03	66857519	66859019	97	93
Niben251Chr03	66857519	66859019	97	93
Niben251Chr08	27856653	27858153	251	274
Niben251Chr15	97133997	97135497	112	126
Niben251Chr01	117620374	117621874	180	220
Niben251Chr11	60217386	60218886	104	112
Niben251Chr13	128512840	128514340	248	521
Niben251Chr01	117620374	117621874	180	220
Niben251Chr11	60217386	60218886	104	112
Niben251Chr14	123464418	123465918	14	12
Niben251Chr16	116904383	116905883	81	447
Niben251Chr12	44969978	44971478	89	310
Niben251Chr07	84716611	84718111	166	186
Niben251Chr15	1625105	1626605	440	310
Niben251Chr14	123464418	123465918	14	12
Niben251Chr08	27856653	27858153	251	274
Niben251Chr08	27856653	27858153	251	274
Niben251Chr11	60217386	60218886	104	112
Niben251Chr17	127210412	127211912	54	21
Niben251Scf01608	50578	52078	217	314
Niben251Chr11	105749868	105751368	565	336
Niben251Chr04	95680015	95681515	6	2
Niben251Chr03	5999207	6000707	59	50
Niben251Chr18	139096443	139097943	65	94
Niben251Chr15	4687396	4688896	142	207
Niben251Chr15	4687396	4688896	142	207
Niben251Chr15	4687396	4688896	142	207
Niben251Chr02	129383772	129385272	104	173
Niben251Chr10	98495178	98496678	130	108
Niben251Chr08	40812010	40813510	84	101
Niben251Chr06	75030230	75031730	252	162
Niben251Chr16	20974923	20976423	115	96
Niben251Chr06	142411952	142413452	150	169
Niben251Chr18	11314212	11315712	89	117
Niben251Chr11	84211653	84213153	127	62
Niben251Chr08	26809918	26811418	90	122
Niben251Chr06	61384037	61385537	208	153
Niben251Chr08	28689770	28691270	128	93
Niben251Chr08	35282603	35284103	630	1232
Niben251Chr04	180145930	180147430	78	114
Niben251Chr06	87664182	87665682	43	28
Niben251Chr06	86305218	86306718	270	157
Niben251Chr06	86305218	86306718	270	157
Niben251Chr06	86305218	86306718	270	157
Niben251Chr07	47948478	47949978	9	17
Niben251Chr10	94375910	94377410	45	59
Niben251Chr06	80870928	80872428	67	88
Niben251Chr07	65773391	65774891	112	138
Niben251Chr01	19433649	19435149	265	144
Niben251Chr12	73510100	73511600	370	199
Niben251Chr07	65773391	65774891	112	138
Niben251Chr12	73510100	73511600	370	199
Niben251Chr01	19433649	19435149	265	144
Niben251Chr15	138331966	138333466	120	212
Niben251Chr06	132531823	132533323	0	0
Niben251Chr18	31817777	31819277	813	621
Niben251Chr07	134795470	134796970	211	144
Niben251Chr12	12924133	12925633	62	73
Niben251Chr12	49512613	49514113	145	67
Niben251Chr01	5433201	5434701	1480	903
Niben251Chr04	82044149	82045649	105	181
Niben251Chr13	115817272	115818772	321	255
Niben251Chr01	173825465	173826965	14	4
Niben251Chr14	123464418	123465918	14	12
Niben251Chr01	5424734	5426234	81	90
Niben251Chr19	98147946	98149446	35	36
Niben251Chr18	58594026	58595526	85	51
Niben251Chr03	87490541	87492041	214	130
Niben251Chr12	73510100	73511600	370	199
Niben251Chr07	65773391	65774891	112	138
Niben251Chr01	19433649	19435149	265	144
Niben251Chr14	9166105	9167605	64	108
Niben251Chr13	5961052	5962552	340	280
Niben251Chr09	136578953	136580453	196	128
Niben251Chr07	134795470	134796970	211	144
Niben251Chr01	19433649	19435149	265	144
Niben251Chr12	73510100	73511600	370	199
Niben251Chr07	65773391	65774891	112	138
Niben251Chr12	73510100	73511600	370	199
Niben251Chr07	65773391	65774891	112	138
Niben251Chr01	19433649	19435149	265	144
Niben251Chr01	19433649	19435149	265	144
Niben251Chr12	73510100	73511600	370	199
Niben251Chr07	65773391	65774891	112	138
Niben251Chr11	60217386	60218886	104	112
Niben251Chr01	117620374	117621874	180	220
Niben251Chr08	13726040	13727540	219	226
Niben251Chr18	146039441	146040941	404	271
Niben251Chr06	142411952	142413452	150	169
Niben251Chr16	20974923	20976423	115	96
Niben251Chr18	11314212	11315712	89	117
Niben251Chr07	134795470	134796970	211	144
Niben251Chr16	75260063	75261563	82	94
Niben251Chr04	180145930	180147430	78	114
Niben251Chr15	85032824	85034324	299	272
Niben251Chr08	27856653	27858153	251	274
Niben251Chr02	129383772	129385272	104	173
Niben251Chr06	51797677	51799177	100	385
Niben251Chr08	27856653	27858153	251	274
Niben251Chr08	27856653	27858153	251	274
Niben251Chr08	27856653	27858153	251	274
Niben251Chr15	138331966	138333466	120	212
Niben251Chr15	4687396	4688896	142	207
Niben251Chr16	28056104	28057604	199	419
Niben251Chr01	52694800	52696300	234	321
Niben251Chr14	100781922	100783422	98	126
Niben251Chr01	117620374	117621874	180	220
Niben251Chr11	60217386	60218886	104	112
Niben251Chr08	1537032	1538532	17	32
Niben251Chr08	1537032	1538532	17	32
Niben251Chr09	126434392	126435892	11	15
Niben251Chr16	20974923	20976423	115	96
Niben251Chr11	60217386	60218886	104	112
Niben251Chr01	117620374	117621874	180	220
Niben251Chr02	143676688	143678188	179	158
Niben251Chr10	122299511	122301011	226	368
Niben251Chr10	122299511	122301011	226	368
Niben251Chr09	131335945	131337445	34	57
Niben251Chr07	134795470	134796970	211	144
Niben251Chr10	124009832	124011332	58	33
Niben251Chr15	109849369	109850869	144	151
Niben251Chr14	123464418	123465918	14	12
Niben251Chr15	142345297	142346797	124	87
Niben251Chr11	60217386	60218886	104	112
Niben251Chr01	117620374	117621874	180	220
Niben251Chr18	8910098	8911598	145	162
Niben251Chr06	51797677	51799177	100	385
Niben251Chr09	83888442	83889942	72	99
Niben251Chr13	115008576	115010076	152	174
Niben251Chr09	72745208	72746708	87	154
Niben251Chr19	15166058	15167558	9	4
Niben251Chr12	83368746	83370246	7	11
Niben251Chr15	107227137	107228637	199	838
Niben251Chr15	142345297	142346797	124	87
Niben251Chr15	109849369	109850869	144	151
Niben251Chr14	153400806	153402306	79	165
Niben251Chr18	58594026	58595526	85	51
Niben251Chr08	27856653	27858153	251	274
Niben251Chr09	134207434	134208934	290	324
Niben251Chr16	29349984	29351484	77	73
Niben251Chr12	12924133	12925633	62	73
Niben251Chr15	40588264	40589764	14	18
Niben251Chr11	60217386	60218886	104	112
Niben251Chr01	117620374	117621874	180	220
Niben251Chr08	27856653	27858153	251	274
Niben251Chr08	27856653	27858153	251	274
Niben251Chr08	27856653	27858153	251	274
Niben251Chr01	117620374	117621874	180	220
Niben251Chr08	27856653	27858153	251	274
Niben251Chr08	27856653	27858153	251	274
Niben251Chr08	27856653	27858153	251	274
Niben251Chr11	103597565	103599065	68	84
Niben251Chr05	30235059	30236559	240	233
Niben251Chr12	73510100	73511600	370	199
Niben251Chr07	65773391	65774891	112	138
Niben251Chr01	19433649	19435149	265	144
Niben251Chr10	98495178	98496678	130	108
Niben251Chr06	75030230	75031730	252	162
Niben251Chr08	40812010	40813510	84	101
Niben251Chr15	4687396	4688896	142	207
Niben251Chr01	94811343	94812843	2	0
Niben251Chr14	39933122	39934622	161	322
Niben251Chr12	74115610	74117110	105	134
Niben251Chr16	75260063	75261563	82	94
Niben251Chr14	123464418	123465918	14	12
Niben251Chr09	135503547	135505047	121	184
Niben251Chr09	134317431	134318931	15	17
Niben251Chr15	4687396	4688896	142	207
Niben251Chr11	60217386	60218886	104	112
Niben251Chr01	117620374	117621874	180	220
Niben251Chr15	1625105	1626605	440	310
Niben251Chr11	60217386	60218886	104	112
Niben251Chr01	117620374	117621874	180	220
Niben251Chr12	145277680	145279180	78	661
Niben251Chr16	20974923	20976423	115	96
Niben251Chr09	72745208	72746708	87	154
Niben251Chr16	116904383	116905883	81	447
Niben251Chr12	44969978	44971478	89	310
Niben251Chr01	165948019	165949519	3	19
Niben251Chr19	98147946	98149446	35	36
Niben251Chr12	37333690	37335190	618	660
Niben251Chr16	83203266	83204766	640	651
Niben251Chr01	52694800	52696300	234	321
Niben251Chr18	11314212	11315712	89	117
Niben251Chr06	142411952	142413452	150	169
Niben251Chr16	20974923	20976423	115	96
Niben251Chr06	142411952	142413452	150	169
Niben251Chr16	20974923	20976423	115	96
Niben251Chr18	11314212	11315712	89	117
Niben251Chr16	75260063	75261563	82	94
Niben251Chr01	94811343	94812843	2	0
Niben251Chr14	39933122	39934622	161	322
Niben251Chr09	72745208	72746708	87	154
Niben251Chr10	98495178	98496678	130	108
Niben251Chr08	40812010	40813510	84	101
Niben251Chr12	82673863	82675363	127	144
Niben251Chr06	75030230	75031730	252	162
Niben251Chr08	40812010	40813510	84	101
Niben251Chr12	82673863	82675363	127	144
Niben251Chr06	75030230	75031730	252	162
Niben251Chr10	98495178	98496678	130	108
Niben251Chr09	72745208	72746708	87	154
Niben251Chr09	72745208	72746708	87	154
Niben251Chr01	98983082	98984582	84	102
Niben251Chr01	117620374	117621874	180	220
Niben251Chr05	54750622	54752122	304	271
Niben251Chr05	8125152	8126652	29	88
Niben251Chr08	27856653	27858153	251	274
Niben251Chr13	128512840	128514340	248	521
Niben251Chr11	60217386	60218886	104	112
Niben251Chr01	117620374	117621874	180	220
Niben251Chr18	22587476	22588976	125	106
Niben251Chr18	49358256	49359756	77	109
Niben251Chr08	1537032	1538532	17	32
Niben251Chr08	1537032	1538532	17	32
Niben251Chr15	4687396	4688896	142	207
Niben251Chr14	39933122	39934622	161	322
Niben251Chr01	94811343	94812843	2	0
Niben251Chr08	85844387	85845887	348	269
Niben251Chr03	168623556	168625056	356	346
Niben251Chr01	173825465	173826965	14	4
Niben251Chr03	164762052	164763552	209	214
Niben251Chr06	87664182	87665682	43	28
Niben251Chr04	176760652	176762152	119	329
Niben251Chr18	59492575	59494075	82	70
Niben251Chr01	165948019	165949519	3	19
Niben251Chr02	143676688	143678188	179	158
Niben251Chr02	143676688	143678188	179	158
Niben251Chr02	143676688	143678188	179	158
Niben251Chr02	143676688	143678188	179	158
Niben251Chr02	143676688	143678188	179	158
Niben251Chr05	8125152	8126652	29	88
Niben251Chr05	30235059	30236559	240	233
Niben251Chr11	103597565	103599065	68	84
Niben251Chr18	8910098	8911598	145	162
Niben251Chr01	117620374	117621874	180	220
Niben251Chr16	76380407	76381907	16	27
Niben251Chr08	27856653	27858153	251	274
Niben251Chr09	105981081	105982581	217	226
Niben251Chr16	20974923	20976423	115	96
Niben251Chr18	11314212	11315712	89	117
Niben251Chr06	142411952	142413452	150	169
Niben251Chr06	87664182	87665682	43	28
Niben251Chr06	85676734	85678234	49	73
Niben251Chr18	147001674	147003174	279	334
Niben251Chr18	58594026	58595526	85	51
Niben251Chr03	87490541	87492041	214	130
Niben251Chr14	153400806	153402306	79	165
Niben251Chr14	123464418	123465918	14	12
Niben251Chr14	123464418	123465918	14	12
Niben251Chr08	27856653	27858153	251	274
Niben251Chr10	86744068	86745568	711	481
Niben251Chr13	125873247	125874747	153	161
Niben251Chr18	57315834	57317334	72	104
Niben251Chr11	60217386	60218886	104	112
Niben251Chr16	20974923	20976423	115	96
Niben251Chr12	145277680	145279180	78	661
Niben251Chr06	75030230	75031730	252	162
Niben251Chr08	40812010	40813510	84	101
Niben251Chr10	98495178	98496678	130	108
Niben251Chr08	17391164	17392664	585	337
Niben251Chr08	1537032	1538532	17	32
Niben251Chr15	4687396	4688896	142	207
Niben251Chr06	132341574	132343074	15	9
Niben251Chr01	117620374	117621874	180	220
Niben251Chr11	60217386	60218886	104	112
Niben251Chr15	1625105	1626605	440	310
Niben251Chr04	95680015	95681515	6	2
Niben251Chr14	123464418	123465918	14	12
Niben251Chr15	640875	642375	98	124
Niben251Chr08	27856653	27858153	251	274
Niben251Chr08	27856653	27858153	251	274
Niben251Chr18	11314212	11315712	89	117
Niben251Chr16	20974923	20976423	115	96
Niben251Chr06	142411952	142413452	150	169
Niben251Chr06	51797677	51799177	100	385
Niben251Chr06	51797677	51799177	100	385
Niben251Chr11	103597565	103599065	68	84
Niben251Chr05	30235059	30236559	240	233
Niben251Chr17	80257006	80258506	74	162
Niben251Chr13	35284053	35285553	94	231
Niben251Chr02	94709941	94711441	73	112
Niben251Chr18	8910098	8911598	145	162
Niben251Chr04	180145930	180147430	78	114
Niben251Chr03	5999207	6000707	59	50
Niben251Chr14	9166105	9167605	64	108
Niben251Chr02	13815295	13816795	467	251
Niben251Scf02947	1064	2564	2261	1367
Niben251Chr04	58208870	58210370	116	260
Niben251Chr01	159363708	159365208	103	180
Niben251Chr09	72745208	72746708	87	154
Niben251Chr08	35282603	35284103	630	1232
Niben251Chr01	117620374	117621874	180	220
Niben251Chr11	60217386	60218886	104	112
Niben251Chr01	117620374	117621874	180	220
Niben251Chr11	60217386	60218886	104	112
Niben251Chr12	44969978	44971478	89	310
Niben251Chr16	116904383	116905883	81	447
Niben251Chr05	56642183	56643683	425	451
Niben251Chr11	130333970	130335470	361	620
Niben251Chr01	19433649	19435149	265	144
Niben251Chr12	73510100	73511600	370	199
Niben251Chr07	65773391	65774891	112	138
Niben251Chr14	123464418	123465918	14	12
Niben251Chr05	8125152	8126652	29	88
Niben251Chr19	15166058	15167558	9	4
Niben251Chr12	83368746	83370246	7	11
Niben251Chr16	116904383	116905883	81	447
Niben251Chr12	44969978	44971478	89	310
Niben251Chr09	72745208	72746708	87	154
Niben251Chr19	99209034	99210534	8	14
Niben251Chr01	117620374	117621874	180	220
Niben251Chr11	60217386	60218886	104	112
Niben251Chr14	123464418	123465918	14	12
Niben251Chr01	117620374	117621874	180	220
Niben251Chr18	147851252	147852752	0	3
Niben251Chr12	74115610	74117110	105	134
Niben251Chr07	144268888	144270388	74	81
Niben251Chr17	109871684	109873184	89	68
Niben251Chr05	76195738	76197238	230	187
Niben251Chr02	129939516	129941016	145	122
Niben251Chr19	71273664	71275164	189	156
Niben251Chr07	141875372	141876872	1594	664
Niben251Chr19	71273664	71275164	189	156
Niben251Chr07	141875372	141876872	1594	664
Niben251Chr05	76195738	76197238	230	187
Niben251Chr02	129939516	129941016	145	122
Niben251Chr15	640875	642375	98	124
Niben251Chr16	29349984	29351484	77	73
Niben251Chr16	9972633	9974133	319	304
Niben251Chr09	72745208	72746708	87	154
Niben251Chr14	123464418	123465918	14	12
Niben251Chr14	123464418	123465918	14	12
Niben251Chr04	183942511	183944011	96	78
Niben251Chr01	98983082	98984582	84	102
Niben251Chr11	60217386	60218886	104	112
Niben251Chr01	117620374	117621874	180	220
Niben251Chr15	4687396	4688896	142	207
Niben251Chr16	29349984	29351484	77	73
Niben251Chr16	9972633	9974133	319	304
Niben251Chr02	143676688	143678188	179	158
Niben251Chr12	83368746	83370246	7	11
Niben251Chr19	15166058	15167558	9	4
Niben251Chr13	115008576	115010076	152	174
Niben251Chr14	153400806	153402306	79	165
Niben251Chr15	4687396	4688896	142	207
Niben251Chr16	38078677	38080177	828	518
Niben251Chr13	5961052	5962552	340	280
Niben251Chr09	136578953	136580453	196	128
Niben251Chr07	134795470	134796970	211	144
Niben251Chr14	153400806	153402306	79	165
Niben251Chr03	87490541	87492041	214	130
Niben251Chr18	58594026	58595526	85	51
Niben251Chr09	72745208	72746708	87	154
Niben251Chr16	9972633	9974133	319	304
Niben251Chr16	29349984	29351484	77	73
Niben251Chr04	82044149	82045649	105	181
Niben251Chr03	103724863	103726363	100	138
Niben251Chr16	116904383	116905883	81	447
Niben251Chr12	44969978	44971478	89	310
Niben251Chr07	134795470	134796970	211	144
Niben251Chr16	76380407	76381907	16	27
Niben251Chr08	1537032	1538532	17	32
Niben251Chr18	11314212	11315712	89	117
Niben251Chr06	142411952	142413452	150	169
Niben251Chr16	20974923	20976423	115	96
Niben251Chr16	638530	640030	101	109
Niben251Chr06	142411952	142413452	150	169
Niben251Chr18	11314212	11315712	89	117
Niben251Chr16	20974923	20976423	115	96
Niben251Chr12	145277680	145279180	78	661
Niben251Chr08	21497087	21498587	391	187
Niben251Chr08	35282603	35284103	630	1232
Niben251Chr15	2751175	2752675	120	139
Niben251Chr03	66857519	66859019	97	93
Niben251Chr08	45735356	45736856	134	424
Niben251Chr06	77740677	77742177	199	160
Niben251Chr03	4494310	4495810	144	138
Niben251Chr07	134795470	134796970	211	144
Niben251Chr06	72865630	72867130	182	312
Niben251Chr04	176760652	176762152	119	329
Niben251Chr13	115008576	115010076	152	174
Niben251Chr02	129939516	129941016	145	122
Niben251Chr05	76195738	76197238	230	187
Niben251Chr07	141875372	141876872	1594	664
Niben251Chr19	71273664	71275164	189	156
Niben251Chr08	27856653	27858153	251	274
Niben251Chr08	27856653	27858153	251	274
Niben251Chr15	85032824	85034324	299	272
Niben251Chr06	142411952	142413452	150	169
Niben251Chr18	11314212	11315712	89	117
Niben251Chr16	20974923	20976423	115	96
Niben251Chr08	27856653	27858153	251	274
Niben251Chr08	27856653	27858153	251	274
Niben251Chr08	27856653	27858153	251	274
Niben251Chr08	27856653	27858153	251	274
Niben251Chr11	103597565	103599065	68	84
Niben251Chr05	30235059	30236559	240	233
Niben251Chr19	98147946	98149446	35	36
Niben251Chr01	52694800	52696300	234	321
Niben251Chr04	180145930	180147430	78	114
Niben251Chr16	29349984	29351484	77	73
Niben251Chr02	143676688	143678188	179	158
Niben251Chr14	123464418	123465918	14	12
Niben251Chr03	66857519	66859019	97	93
Niben251Chr10	49123854	49125354	175	214
Niben251Chr06	51797677	51799177	100	385
Niben251Chr11	60217386	60218886	104	112
Niben251Chr01	117620374	117621874	180	220
Niben251Chr16	29349984	29351484	77	73
Niben251Chr16	9972633	9974133	319	304
Niben251Chr16	29349984	29351484	77	73
Niben251Chr19	15166058	15167558	9	4
Niben251Chr12	83368746	83370246	7	11
Niben251Chr08	1537032	1538532	17	32
Niben251Chr01	52694800	52696300	234	321
Niben251Chr04	62380406	62381906	387	512
Niben251Chr01	146641242	146642742	221	188
Niben251Chr12	44969978	44971478	89	310
Niben251Chr16	116904383	116905883	81	447
Niben251Chr18	128029998	128031498	18	51
Niben251Chr12	82673863	82675363	127	144
Niben251Chr10	98495178	98496678	130	108
Niben251Chr06	75030230	75031730	252	162
Niben251Chr08	40812010	40813510	84	101
Niben251Chr15	138331966	138333466	120	212
Niben251Chr04	180145930	180147430	78	114
Niben251Chr06	142411952	142413452	150	169
Niben251Chr18	11314212	11315712	89	117
Niben251Chr16	20974923	20976423	115	96
Niben251Chr09	72745208	72746708	87	154
Niben251Chr08	27856653	27858153	251	274
Niben251Chr06	69493388	69494888	284	312
Niben251Chr01	52694800	52696300	234	321
Niben251Chr11	60217386	60218886	104	112
Niben251Chr01	117620374	117621874	180	220
Niben251Chr16	638530	640030	101	109
Niben251Chr12	28720160	28721660	17	52
Niben251Chr02	143676688	143678188	179	158
Niben251Chr02	143676688	143678188	179	158
Niben251Chr02	143676688	143678188	179	158
Niben251Chr07	112756386	112757886	229	188
Niben251Chr07	112756386	112757886	229	188
Niben251Chr07	112756386	112757886	229	188
Niben251Chr15	640875	642375	98	124
Niben251Chr08	87300961	87302461	103	223
Niben251Chr17	109871684	109873184	89	68
Niben251Chr14	140410786	140412286	287	507
Niben251Chr01	94811343	94812843	2	0
Niben251Chr14	39933122	39934622	161	322
Niben251Chr14	39933122	39934622	161	322
Niben251Chr01	94811343	94812843	2	0
Niben251Chr01	94811343	94812843	2	0
Niben251Chr14	39933122	39934622	161	322
Niben251Chr14	39933122	39934622	161	322
Niben251Chr01	94811343	94812843	2	0
Niben251Chr14	39933122	39934622	161	322
Niben251Chr01	94811343	94812843	2	0
Niben251Chr01	94811343	94812843	2	0
Niben251Chr14	39933122	39934622	161	322
Niben251Chr07	144268888	144270388	74	81
Niben251Chr11	60217386	60218886	104	112
Niben251Chr01	117620374	117621874	180	220
Niben251Chr04	95680015	95681515	6	2
Niben251Chr06	142411952	142413452	150	169
Niben251Chr18	11314212	11315712	89	117
Niben251Chr16	20974923	20976423	115	96
Niben251Chr15	113287055	113288555	138	174
Niben251Chr15	113287055	113288555	138	174
Niben251Chr18	58594026	58595526	85	51
Niben251Chr14	153400806	153402306	79	165
Niben251Chr03	87490541	87492041	214	130
Niben251Chr06	108641442	108642942	92	123
Niben251Chr07	145538475	145539975	55	94
Niben251Chr01	117620374	117621874	180	220
Niben251Chr01	117620374	117621874	180	220
Niben251Chr01	117620374	117621874	180	220
Niben251Chr11	60217386	60218886	104	112
Niben251Chr16	75260063	75261563	82	94
Niben251Chr09	111804169	111805669	156	107
Niben251Chr18	7849434	7850934	42	126
Niben251Chr03	5999207	6000707	59	50
Niben251Chr16	38078677	38080177	828	518
Niben251Chr08	40812010	40813510	84	101
Niben251Chr06	75030230	75031730	252	162
Niben251Chr12	82673863	82675363	127	144
Niben251Chr10	98495178	98496678	130	108
Niben251Chr07	134795470	134796970	211	144
Niben251Chr08	27856653	27858153	251	274
Niben251Chr07	134795470	134796970	211	144
Niben251Chr11	103597565	103599065	68	84
Niben251Chr05	30235059	30236559	240	233
Niben251Chr09	126434392	126435892	11	15
Niben251Chr04	56698632	56700132	82	151
Niben251Chr04	156783641	156785141	6	15
Niben251Chr04	82044149	82045649	105	181
Niben251Chr01	98983082	98984582	84	102
Niben251Chr04	110086234	110087734	113	118
Niben251Chr04	111512276	111513776	121	88
Niben251Chr09	25271408	25272908	104	76
Niben251Chr15	4687396	4688896	142	207
Niben251Chr01	117620374	117621874	180	220
Niben251Chr14	9166105	9167605	64	108
Niben251Chr04	95680015	95681515	6	2
Niben251Chr07	119294106	119295606	61	132
Niben251Chr19	15166058	15167558	9	4
Niben251Chr12	83368746	83370246	7	11
Niben251Chr12	83368746	83370246	7	11
Niben251Chr19	15166058	15167558	9	4
Niben251Chr16	142735614	142737114	5	3
Niben251Chr03	66857519	66859019	97	93
Niben251Chr04	95680015	95681515	6	2
Niben251Chr18	11314212	11315712	89	117
Niben251Chr06	142411952	142413452	150	169
Niben251Chr16	20974923	20976423	115	96
Niben251Chr18	11314212	11315712	89	117
Niben251Chr06	142411952	142413452	150	169
Niben251Chr16	20974923	20976423	115	96
Niben251Chr16	22474831	22476331	1	3
Niben251Chr16	116904383	116905883	81	447
Niben251Chr12	44969978	44971478	89	310
Niben251Chr16	116904383	116905883	81	447
Niben251Chr12	44969978	44971478	89	310
Niben251Chr15	136926158	136927658	202	87
Niben251Chr18	106069090	106070590	225	124
Niben251Chr11	60217386	60218886	104	112
Niben251Chr01	117620374	117621874	180	220
Niben251Chr13	115008576	115010076	152	174
Niben251Chr06	69493388	69494888	284	312
Niben251Chr09	72745208	72746708	87	154
Niben251Chr14	90863752	90865252	84	102
Niben251Chr14	90863752	90865252	84	102
Niben251Chr05	113869818	113871318	177	65
Niben251Chr19	18164629	18166129	23	204
Niben251Chr12	74115610	74117110	105	134
Niben251Chr12	73510100	73511600	370	199
Niben251Chr07	65773391	65774891	112	138
Niben251Chr01	19433649	19435149	265	144
Niben251Chr02	68786343	68787843	132	45
Niben251Chr12	83368746	83370246	7	11
Niben251Chr19	15166058	15167558	9	4
Niben251Chr16	38078677	38080177	828	518
Niben251Chr19	18164629	18166129	23	204
Niben251Chr19	17392010	17393510	185	155
Niben251Chr15	28389272	28390772	74	182
Niben251Chr06	51797677	51799177	100	385
Niben251Chr06	51797677	51799177	100	385
Niben251Chr19	18164629	18166129	23	204
Niben251Chr01	117620374	117621874	180	220
Niben251Chr08	1537032	1538532	17	32
Niben251Chr14	123464418	123465918	14	12
Niben251Chr16	76380407	76381907	16	27
Niben251Chr17	101401787	101403287	42	134
Niben251Chr08	40812010	40813510	84	101
Niben251Chr06	75030230	75031730	252	162
Niben251Chr10	98495178	98496678	130	108
Niben251Chr16	75260063	75261563	82	94
Niben251Chr11	60217386	60218886	104	112
Niben251Chr01	117620374	117621874	180	220
Niben251Chr08	36042608	36044108	55	128
Niben251Chr08	35282603	35284103	630	1232
Niben251Chr08	35282603	35284103	630	1232
Niben251Chr04	95680015	95681515	6	2
Niben251Chr11	31722115	31723615	61	101
Niben251Chr18	147851252	147852752	0	3
Niben251Chr01	117620374	117621874	180	220
Niben251Chr18	147851252	147852752	0	3
Niben251Chr04	180145930	180147430	78	114
Niben251Chr15	1625105	1626605	440	310
Niben251Chr08	1537032	1538532	17	32
Niben251Chr08	1537032	1538532	17	32
Niben251Chr06	87664182	87665682	43	28
Niben251Chr06	86305218	86306718	270	157
Niben251Chr06	85676734	85678234	49	73
Niben251Chr14	146921825	146923325	42	114
Niben251Chr15	2751175	2752675	120	139
Niben251Chr07	47948478	47949978	9	17
Niben251Chr10	94375910	94377410	45	59
Niben251Chr06	80870928	80872428	67	88
Niben251Chr01	117620374	117621874	180	220
Niben251Chr08	41094237	41095737	234	367
Niben251Chr01	173825465	173826965	14	4
Niben251Chr08	1537032	1538532	17	32
Niben251Chr03	87490541	87492041	214	130
Niben251Chr18	58594026	58595526	85	51
Niben251Chr14	153400806	153402306	79	165
Niben251Chr01	5433201	5434701	1480	903
Niben251Chr14	123464418	123465918	14	12
Niben251Chr04	96390677	96392177	3660	2968
Niben251Chr19	20286232	20287732	2796	2040
Niben251Chr10	26196021	26197521	5558	3245
Niben251Chr02	53216707	53218207	3895	2285
Niben251Chr16	15969218	15970718	1609	875
Niben251Chr13	128814851	128816351	315	172
Niben251Chr19	121981820	121983320	539	524
Niben251Chr17	56811232	56812732	2198	1492
Niben251Chr16	15964169	15965669	1952	1855
Niben251Chr19	122103548	122105048	561	404
Niben251Chr04	177441264	177442764	2554	1223
Niben251Chr15	28389272	28390772	74	182
Niben251Chr12	74115610	74117110	105	134
Niben251Chr12	49512613	49514113	145	67
Niben251Chr09	23432294	23433794	75	109
Niben251Chr12	49512613	49514113	145	67
Niben251Chr12	12924133	12925633	62	73
Niben251Chr07	134795470	134796970	211	144
Niben251Chr11	60217386	60218886	104	112
Niben251Chr01	117620374	117621874	180	220
Niben251Chr14	123464418	123465918	14	12
Niben251Chr01	94811343	94812843	2	0
Niben251Chr14	39933122	39934622	161	322
Niben251Chr09	72745208	72746708	87	154
Niben251Chr07	134795470	134796970	211	144
Niben251Chr09	72745208	72746708	87	154
Niben251Chr04	180145930	180147430	78	114
Niben251Chr06	132531823	132533323	0	0
Niben251Chr18	31817777	31819277	813	621
Niben251Chr15	138331966	138333466	120	212
Niben251Chr08	27856653	27858153	251	274
Niben251Chr08	27856653	27858153	251	274
Niben251Chr19	99209034	99210534	8	14
Niben251Chr01	19433649	19435149	265	144
Niben251Chr12	73510100	73511600	370	199
Niben251Chr07	65773391	65774891	112	138
Niben251Chr12	73510100	73511600	370	199
Niben251Chr07	65773391	65774891	112	138
Niben251Chr01	19433649	19435149	265	144
Niben251Chr01	19433649	19435149	265	144
Niben251Chr12	73510100	73511600	370	199
Niben251Chr07	65773391	65774891	112	138
Niben251Chr01	19433649	19435149	265	144
Niben251Chr07	65773391	65774891	112	138
Niben251Chr12	73510100	73511600	370	199
Niben251Chr06	142411952	142413452	150	169
Niben251Chr18	11314212	11315712	89	117
Niben251Chr16	20974923	20976423	115	96
Niben251Chr19	71273664	71275164	189	156
Niben251Chr05	76195738	76197238	230	187
Niben251Chr02	129939516	129941016	145	122
Niben251Chr07	141875372	141876872	1594	664
Niben251Chr12	47595137	47596637	84	117
Niben251Chr16	20974923	20976423	115	96
Niben251Chr06	142411952	142413452	150	169
Niben251Chr18	11314212	11315712	89	117
Niben251Chr14	9166105	9167605	64	108
Niben251Chr01	165948019	165949519	3	19
Niben251Chr16	75260063	75261563	82	94
Niben251Chr16	29349984	29351484	77	73
Niben251Chr16	9972633	9974133	319	304
Niben251Chr16	38078677	38080177	828	518
Niben251Chr02	143676688	143678188	179	158
Niben251Chr02	143676688	143678188	179	158
Niben251Chr01	117620374	117621874	180	220
Niben251Chr11	60217386	60218886	104	112
Niben251Chr07	47948478	47949978	9	17
Niben251Chr07	47948478	47949978	9	17
Niben251Chr09	13474636	13476136	131	271
Niben251Chr06	72865630	72867130	182	312
Niben251Chr06	132341574	132343074	15	9
Niben251Chr14	123464418	123465918	14	12
Niben251Chr14	123464418	123465918	14	12
Niben251Chr18	58594026	58595526	85	51
Niben251Chr14	153400806	153402306	79	165
Niben251Chr03	87490541	87492041	214	130
Niben251Chr04	180145930	180147430	78	114
Niben251Chr04	180145930	180147430	78	114
Niben251Chr08	25146729	25148229	274	319
Niben251Chr08	25146729	25148229	274	319
Niben251Chr08	25146729	25148229	274	319
Niben251Chr08	25146729	25148229	274	319
Niben251Chr18	147001674	147003174	279	334
Niben251Chr15	40588264	40589764	14	18
Niben251Chr06	85676734	85678234	49	73
Niben251Chr14	123464418	123465918	14	12
Niben251Chr14	153400806	153402306	79	165
Niben251Chr18	58594026	58595526	85	51
Niben251Chr03	87490541	87492041	214	130
Niben251Chr07	145538475	145539975	55	94
Niben251Chr06	108641442	108642942	92	123
Niben251Chr14	123464418	123465918	14	12
Niben251Chr13	106353343	106354843	130	139
Niben251Chr12	44969978	44971478	89	310
Niben251Chr16	116904383	116905883	81	447
Niben251Chr16	116904383	116905883	81	447
Niben251Chr12	44969978	44971478	89	310
Niben251Chr16	16696589	16698089	237	696
Niben251Chr02	126185439	126186939	304	976
Niben251Chr19	95655945	95657445	387	557
Niben251Chr14	31542099	31543599	78	213
Niben251Chr07	125015903	125017403	1369	1266
Niben251Chr06	53888251	53889751	128	234
Niben251Chr04	95680015	95681515	6	2
Niben251Chr08	36042608	36044108	55	128
Niben251Chr04	95680015	95681515	6	2
Niben251Chr16	20974923	20976423	115	96
Niben251Chr05	8125152	8126652	29	88
Niben251Chr02	13815295	13816795	467	251
Niben251Scf02947	1064	2564	2261	1367
Niben251Scf02947	1064	2564	2261	1367
Niben251Chr02	13815295	13816795	467	251
Niben251Chr09	136900668	136902168	58	100
Niben251Chr08	1537032	1538532	17	32
Niben251Chr15	4687396	4688896	142	207
Niben251Chr06	132341574	132343074	15	9
Niben251Chr15	85032824	85034324	299	272
Niben251Chr04	95680015	95681515	6	2
Niben251Chr15	1625105	1626605	440	310
Niben251Chr14	123464418	123465918	14	12
Niben251Chr15	640875	642375	98	124
Niben251Chr04	180145930	180147430	78	114
Niben251Chr01	117620374	117621874	180	220
Niben251Chr11	60217386	60218886	104	112
Niben251Chr07	65773391	65774891	112	138
Niben251Chr01	19433649	19435149	265	144
Niben251Chr12	73510100	73511600	370	199
Niben251Chr15	107227137	107228637	199	838
Niben251Chr15	109849369	109850869	144	151
Niben251Chr14	153400806	153402306	79	165
Niben251Chr09	134207434	134208934	290	324
Niben251Chr01	117620374	117621874	180	220
Niben251Chr01	72992898	72994398	310	416
Niben251Chr07	94163172	94164672	260	125
Niben251Chr07	102237356	102238856	164	158
Niben251Chr15	116520104	116521604	238	134
Niben251Chr10	122299511	122301011	226	368
Niben251Chr10	122299511	122301011	226	368
Niben251Chr10	122299511	122301011	226	368
Niben251Chr02	143676688	143678188	179	158
Niben251Chr16	75260063	75261563	82	94
Niben251Chr16	38078677	38080177	828	518
Niben251Chr16	20974923	20976423	115	96
Niben251Chr12	12924133	12925633	62	73
Niben251Chr09	127945414	127946914	75	93
Niben251Chr08	27856653	27858153	251	274
Niben251Chr15	28389272	28390772	74	182
Niben251Chr19	99209034	99210534	8	14
