SL4.0ch01	122063	123563	34	45
SL4.0ch01	122063	123563	34	45
SL4.0ch01	122063	123563	34	45
SL4.0ch01	143466	144966	86	124
SL4.0ch01	148566	150066	48	40
SL4.0ch01	470331	471831	43	33
SL4.0ch01	506706	508206	214	250
SL4.0ch01	612877	614377	93	95
SL4.0ch01	1059721	1061221	29	27
SL4.0ch01	1059721	1061221	29	27
SL4.0ch01	1132876	1134376	219	271
SL4.0ch01	1358715	1360215	31	31
SL4.0ch01	1471864	1473364	65	74
SL4.0ch01	1665116	1666616	6892	7315
SL4.0ch01	1842000	1843500	29	26
SL4.0ch01	1961463	1962963	75	88
SL4.0ch01	1961463	1962963	75	88
SL4.0ch01	2661196	2662696	38	32
SL4.0ch01	2824075	2825575	106	86
SL4.0ch01	2824075	2825575	106	86
SL4.0ch01	2824075	2825575	106	86
SL4.0ch01	2835461	2836961	45	35
SL4.0ch01	2842503	2844003	43	45
SL4.0ch01	3507303	3508803	20	34
SL4.0ch01	3605815	3607315	58	41
SL4.0ch01	3844140	3845640	33	39
SL4.0ch01	3844140	3845640	33	39
SL4.0ch01	5083760	5085260	52	25
SL4.0ch01	5200849	5202349	36	34
SL4.0ch01	5227103	5228603	39	35
SL4.0ch01	5587210	5588710	48	52
SL4.0ch01	5697187	5698687	84	103
SL4.0ch01	5709860	5711360	82	138
SL4.0ch01	5857971	5859471	81	142
SL4.0ch01	6346224	6347724	66	89
SL4.0ch01	6465320	6466820	37	42
SL4.0ch01	24467360	24468860	77	75
SL4.0ch01	37045394	37046894	103	83
SL4.0ch01	33620254	33621754	37	123
SL4.0ch01	53094323	53095823	49	29
SL4.0ch01	60053537	60055037	137	78
SL4.0ch01	62571531	62573031	36	38
SL4.0ch01	63172925	63174425	49	43
SL4.0ch01	65059456	65060956	36	59
SL4.0ch01	65806998	65808498	50	35
SL4.0ch01	65806998	65808498	50	35
SL4.0ch01	66996142	66997642	37	42
SL4.0ch01	67011898	67013398	33	20
SL4.0ch01	68656327	68657827	48	62
SL4.0ch01	69034437	69035937	40	36
SL4.0ch01	69280293	69281793	79	78
SL4.0ch01	70790055	70791555	83	159
SL4.0ch01	70790055	70791555	83	159
SL4.0ch01	71011264	71012764	86	117
SL4.0ch01	71061490	71062990	110	174
SL4.0ch01	71488024	71489524	65	50
SL4.0ch01	71611866	71613366	515	681
SL4.0ch01	72501052	72502552	71	119
SL4.0ch01	72501052	72502552	71	119
SL4.0ch01	72763193	72764693	125	108
SL4.0ch01	72763193	72764693	125	108
SL4.0ch01	72900027	72901527	73	105
SL4.0ch01	72900027	72901527	73	105
SL4.0ch01	73092719	73094219	93	126
SL4.0ch01	73092719	73094219	93	126
SL4.0ch01	73235435	73236935	163	161
SL4.0ch01	73235435	73236935	163	161
SL4.0ch01	73331616	73333116	68	54
SL4.0ch01	73331616	73333116	68	54
SL4.0ch01	74353876	74355376	146	105
SL4.0ch01	74388024	74389524	216	140
SL4.0ch01	74462065	74463565	40	37
SL4.0ch01	74462065	74463565	40	37
SL4.0ch01	75324228	75325728	91	88
SL4.0ch01	75686415	75687915	161	178
SL4.0ch01	76053172	76054672	89	202
SL4.0ch01	77434320	77435820	96	84
SL4.0ch01	77434320	77435820	96	84
SL4.0ch01	77485931	77487431	86	144
SL4.0ch01	77518225	77519725	107	127
SL4.0ch01	77812901	77814401	152	354
SL4.0ch01	77826849	77828349	61	77
SL4.0ch01	78003781	78005281	188	274
SL4.0ch01	78139123	78140623	44	54
SL4.0ch01	78164624	78166124	46	39
SL4.0ch01	78286209	78287709	124	120
SL4.0ch01	78286209	78287709	124	120
SL4.0ch01	78364339	78365839	84	70
SL4.0ch01	78633169	78634669	44	81
SL4.0ch01	78787580	78789080	72	94
SL4.0ch01	78787580	78789080	72	94
SL4.0ch01	78803278	78804778	66	109
SL4.0ch01	78848200	78849700	50	42
SL4.0ch01	78851058	78852558	64	38
SL4.0ch01	78852480	78853980	282	538
SL4.0ch01	78887385	78888885	95	148
SL4.0ch01	78944547	78946047	2196	3913
SL4.0ch01	78944547	78946047	2196	3913
SL4.0ch01	79139299	79140799	1095	7418
SL4.0ch01	79139299	79140799	1095	7418
SL4.0ch01	79147327	79148827	200	317
SL4.0ch01	79955843	79957343	225	376
SL4.0ch01	80519801	80521301	60	46
SL4.0ch01	80988104	80989604	126	142
SL4.0ch01	80998169	80999669	200	282
SL4.0ch01	81160516	81162016	51	73
SL4.0ch01	81244910	81246410	91	115
SL4.0ch01	81306989	81308489	96	89
SL4.0ch01	81306989	81308489	96	89
SL4.0ch01	81571157	81572657	50	63
SL4.0ch01	81575132	81576632	25	36
SL4.0ch01	81615363	81616863	90	79
SL4.0ch01	81615363	81616863	90	79
SL4.0ch01	81708412	81709912	165	326
SL4.0ch01	81708412	81709912	165	326
SL4.0ch01	82094933	82096433	160	250
SL4.0ch01	82312522	82314022	71	70
SL4.0ch01	82315771	82317271	38	43
SL4.0ch01	82378124	82379624	216	797
SL4.0ch01	82525140	82526640	161	115
SL4.0ch01	82726583	82728083	20	35
SL4.0ch01	82726583	82728083	20	35
SL4.0ch01	82860537	82862037	224	528
SL4.0ch01	83005156	83006656	42	58
SL4.0ch01	83005156	83006656	42	58
SL4.0ch01	83011970	83013470	98	57
SL4.0ch01	83011970	83013470	98	57
SL4.0ch01	83437409	83438909	175	170
SL4.0ch01	83458819	83460319	50	108
SL4.0ch01	83470421	83471921	50	32
SL4.0ch01	83470421	83471921	50	32
SL4.0ch01	83772381	83773881	133	151
SL4.0ch01	83772381	83773881	133	151
SL4.0ch01	83974341	83975841	109	217
SL4.0ch01	83974341	83975841	109	217
SL4.0ch01	84265491	84266991	120	113
SL4.0ch01	84347449	84348949	372	325
SL4.0ch01	84347449	84348949	372	325
SL4.0ch01	84347449	84348949	372	325
SL4.0ch01	84725127	84726627	185	226
SL4.0ch01	84946337	84947837	359	749
SL4.0ch01	84978583	84980083	61	51
SL4.0ch01	85496181	85497681	53	59
SL4.0ch01	85632660	85634160	4580	7665
SL4.0ch01	85632660	85634160	4580	7665
SL4.0ch01	85638523	85640023	5000	10554
SL4.0ch01	85638523	85640023	5000	10554
SL4.0ch01	85854591	85856091	114	148
SL4.0ch01	85862891	85864391	187	215
SL4.0ch01	86484526	86486026	68	40
SL4.0ch01	86484526	86486026	68	40
SL4.0ch01	86484526	86486026	68	40
SL4.0ch01	86522362	86523862	151	123
SL4.0ch01	86522362	86523862	151	123
SL4.0ch01	86522362	86523862	151	123
SL4.0ch01	86614717	86616217	148	166
SL4.0ch01	86614717	86616217	148	166
SL4.0ch01	86664861	86666361	312	350
SL4.0ch01	86742668	86744168	40	49
SL4.0ch01	86742668	86744168	40	49
SL4.0ch01	86742668	86744168	40	49
SL4.0ch01	86771678	86773178	1286	3034
SL4.0ch01	86771678	86773178	1286	3034
SL4.0ch01	87305082	87306582	366	871
SL4.0ch01	87376352	87377852	107	131
SL4.0ch01	87537807	87539307	61	41
SL4.0ch01	87542624	87544124	548	713
SL4.0ch01	87943812	87945312	545	536
SL4.0ch01	88632576	88634076	305	288
SL4.0ch01	88696249	88697749	91	67
SL4.0ch01	88749978	88751478	108	108
SL4.0ch01	88938716	88940216	360	322
SL4.0ch01	89391457	89392957	244	376
SL4.0ch01	89556302	89557802	437	931
SL4.0ch01	89890414	89891914	476	528
SL4.0ch01	89934642	89936142	55	53
SL4.0ch01	90002975	90004475	285	229
SL4.0ch01	90074598	90076098	133	88
SL4.0ch01	90093214	90094714	325	454
SL4.0ch01	90611780	90613280	85	95
SL4.0ch01	90611780	90613280	85	95
SL4.0ch01	90617479	90618979	59	40
SL4.0ch02	14559952	14561452	33	39
SL4.0ch02	14674580	14676080	63	60
SL4.0ch02	18772351	18773851	190	291
SL4.0ch02	20693358	20694858	264	303
SL4.0ch02	20693358	20694858	264	303
SL4.0ch02	24477539	24479039	44	31
SL4.0ch02	27858109	27859609	153	255
SL4.0ch02	28090671	28092171	152	96
SL4.0ch02	29252625	29254125	250	266
SL4.0ch02	29285883	29287383	272	434
SL4.0ch02	29444377	29445877	59	43
SL4.0ch02	29444377	29445877	59	43
SL4.0ch02	30557827	30559327	92	37
SL4.0ch02	30670445	30671945	105	129
SL4.0ch02	31076521	31078021	20	48
SL4.0ch02	31616712	31618212	59	57
SL4.0ch02	31714241	31715741	1909	3465
SL4.0ch02	31720609	31722109	43	47
SL4.0ch02	31776213	31777713	36	18
SL4.0ch02	32416973	32418473	327	322
SL4.0ch02	32824803	32826303	57	73
SL4.0ch02	32834760	32836260	46	50
SL4.0ch02	32864926	32866426	51	131
SL4.0ch02	33149617	33151117	70	86
SL4.0ch02	33253134	33254634	1144	1200
SL4.0ch02	33596145	33597645	105	129
SL4.0ch02	33998309	33999809	46	46
SL4.0ch02	34072967	34074467	66	85
SL4.0ch02	34129910	34131410	83	96
SL4.0ch02	34174766	34176266	63	41
SL4.0ch02	34174766	34176266	63	41
SL4.0ch02	34377658	34379158	53	33
SL4.0ch02	34425962	34427462	54	63
SL4.0ch02	34600839	34602339	3413	4000
SL4.0ch02	34600839	34602339	3413	4000
SL4.0ch02	34600839	34602339	3413	4000
SL4.0ch02	34600839	34602339	3413	4000
SL4.0ch02	34606539	34608039	130	75
SL4.0ch02	34606539	34608039	130	75
SL4.0ch02	34747080	34748580	59	74
SL4.0ch02	34747080	34748580	59	74
SL4.0ch02	34868949	34870449	152	157
SL4.0ch02	34898349	34899849	85	128
SL4.0ch02	34955626	34957126	79	72
SL4.0ch02	35229071	35230571	56	46
SL4.0ch02	35309961	35311461	635	1528
SL4.0ch02	35309961	35311461	635	1528
SL4.0ch02	35319303	35320803	103	185
SL4.0ch02	35434285	35435785	185	180
SL4.0ch02	35434285	35435785	185	180
SL4.0ch02	35626810	35628310	91	81
SL4.0ch02	35675508	35677008	282	799
SL4.0ch02	35779601	35781101	39	28
SL4.0ch02	35779601	35781101	39	28
SL4.0ch02	35785106	35786606	55	36
SL4.0ch02	35785106	35786606	55	36
SL4.0ch02	35793274	35794774	31	48
SL4.0ch02	35793274	35794774	31	48
SL4.0ch02	35999722	36001222	209	491
SL4.0ch02	36544262	36545762	119	117
SL4.0ch02	36604455	36605955	68	36
SL4.0ch02	36604455	36605955	68	36
SL4.0ch02	37353307	37354807	6440	19611
SL4.0ch02	37353307	37354807	6440	19611
SL4.0ch02	37353307	37354807	6440	19611
SL4.0ch02	37356165	37357665	5420	12555
SL4.0ch02	37356165	37357665	5420	12555
SL4.0ch02	37356165	37357665	5420	12555
SL4.0ch02	37368386	37369886	65	26
SL4.0ch02	37368386	37369886	65	26
SL4.0ch02	37392963	37394463	59	77
SL4.0ch02	37392963	37394463	59	77
SL4.0ch02	37668644	37670144	65	138
SL4.0ch02	37681835	37683335	75	59
SL4.0ch02	37851260	37852760	102	87
SL4.0ch02	38063663	38065163	52	47
SL4.0ch02	38074134	38075634	57	71
SL4.0ch02	38200580	38202080	58	64
SL4.0ch02	38507592	38509092	131	70
SL4.0ch02	38516238	38517738	4512	5661
SL4.0ch02	38516238	38517738	4512	5661
SL4.0ch02	38516238	38517738	4512	5661
SL4.0ch02	38516238	38517738	4512	5661
SL4.0ch02	38516238	38517738	4512	5661
SL4.0ch02	38516238	38517738	4512	5661
SL4.0ch02	38516238	38517738	4512	5661
SL4.0ch02	38516238	38517738	4512	5661
SL4.0ch02	38516238	38517738	4512	5661
SL4.0ch02	38516238	38517738	4512	5661
SL4.0ch02	38516238	38517738	4512	5661
SL4.0ch02	38518566	38520066	8274	10461
SL4.0ch02	38518566	38520066	8274	10461
SL4.0ch02	38518566	38520066	8274	10461
SL4.0ch02	38518566	38520066	8274	10461
SL4.0ch02	38518566	38520066	8274	10461
SL4.0ch02	38518566	38520066	8274	10461
SL4.0ch02	38518566	38520066	8274	10461
SL4.0ch02	38518566	38520066	8274	10461
SL4.0ch02	38518566	38520066	8274	10461
SL4.0ch02	38518566	38520066	8274	10461
SL4.0ch02	38518566	38520066	8274	10461
SL4.0ch02	38525651	38527151	9285	20419
SL4.0ch02	38525651	38527151	9285	20419
SL4.0ch02	38525651	38527151	9285	20419
SL4.0ch02	38525651	38527151	9285	20419
SL4.0ch02	38525651	38527151	9285	20419
SL4.0ch02	38525651	38527151	9285	20419
SL4.0ch02	38525651	38527151	9285	20419
SL4.0ch02	38525651	38527151	9285	20419
SL4.0ch02	38525651	38527151	9285	20419
SL4.0ch02	38525651	38527151	9285	20419
SL4.0ch02	38525651	38527151	9285	20419
SL4.0ch02	38528093	38529593	5931	11553
SL4.0ch02	38528093	38529593	5931	11553
SL4.0ch02	38528093	38529593	5931	11553
SL4.0ch02	38528093	38529593	5931	11553
SL4.0ch02	38528093	38529593	5931	11553
SL4.0ch02	38528093	38529593	5931	11553
SL4.0ch02	38528093	38529593	5931	11553
SL4.0ch02	38528093	38529593	5931	11553
SL4.0ch02	38528093	38529593	5931	11553
SL4.0ch02	38528093	38529593	5931	11553
SL4.0ch02	38528093	38529593	5931	11553
SL4.0ch02	38530432	38531932	5498	9886
SL4.0ch02	38530432	38531932	5498	9886
SL4.0ch02	38530432	38531932	5498	9886
SL4.0ch02	38530432	38531932	5498	9886
SL4.0ch02	38530432	38531932	5498	9886
SL4.0ch02	38530432	38531932	5498	9886
SL4.0ch02	38530432	38531932	5498	9886
SL4.0ch02	38530432	38531932	5498	9886
SL4.0ch02	38530432	38531932	5498	9886
SL4.0ch02	38530432	38531932	5498	9886
SL4.0ch02	38530432	38531932	5498	9886
SL4.0ch02	38532832	38534332	8860	11924
SL4.0ch02	38532832	38534332	8860	11924
SL4.0ch02	38532832	38534332	8860	11924
SL4.0ch02	38532832	38534332	8860	11924
SL4.0ch02	38532832	38534332	8860	11924
SL4.0ch02	38532832	38534332	8860	11924
SL4.0ch02	38532832	38534332	8860	11924
SL4.0ch02	38532832	38534332	8860	11924
SL4.0ch02	38532832	38534332	8860	11924
SL4.0ch02	38532832	38534332	8860	11924
SL4.0ch02	38532832	38534332	8860	11924
SL4.0ch02	38535273	38536773	7177	10417
SL4.0ch02	38535273	38536773	7177	10417
SL4.0ch02	38535273	38536773	7177	10417
SL4.0ch02	38535273	38536773	7177	10417
SL4.0ch02	38535273	38536773	7177	10417
SL4.0ch02	38535273	38536773	7177	10417
SL4.0ch02	38535273	38536773	7177	10417
SL4.0ch02	38535273	38536773	7177	10417
SL4.0ch02	38535273	38536773	7177	10417
SL4.0ch02	38535273	38536773	7177	10417
SL4.0ch02	38535273	38536773	7177	10417
SL4.0ch02	38539019	38540519	12061	16438
SL4.0ch02	38539019	38540519	12061	16438
SL4.0ch02	38539019	38540519	12061	16438
SL4.0ch02	38539019	38540519	12061	16438
SL4.0ch02	38539019	38540519	12061	16438
SL4.0ch02	38539019	38540519	12061	16438
SL4.0ch02	38539019	38540519	12061	16438
SL4.0ch02	38539019	38540519	12061	16438
SL4.0ch02	38539019	38540519	12061	16438
SL4.0ch02	38539019	38540519	12061	16438
SL4.0ch02	38539019	38540519	12061	16438
SL4.0ch02	38706020	38707520	518	2627
SL4.0ch02	38706020	38707520	518	2627
SL4.0ch02	38800507	38802007	96	59
SL4.0ch02	38869856	38871356	389	469
SL4.0ch02	38923015	38924515	78	99
SL4.0ch02	39136573	39138073	52	48
SL4.0ch02	39331518	39333018	178	257
SL4.0ch02	39331518	39333018	178	257
SL4.0ch02	39337420	39338920	119	219
SL4.0ch02	39560464	39561964	61	23
SL4.0ch02	39731273	39732773	216	342
SL4.0ch02	39731273	39732773	216	342
SL4.0ch02	39731273	39732773	216	342
SL4.0ch02	39743976	39745476	313	418
SL4.0ch02	39743976	39745476	313	418
SL4.0ch02	39743976	39745476	313	418
SL4.0ch02	39832188	39833688	92	88
SL4.0ch02	39832188	39833688	92	88
SL4.0ch02	39862767	39864267	86	87
SL4.0ch02	40106870	40108370	171	148
SL4.0ch02	40261545	40263045	44	110
SL4.0ch02	40551454	40552954	67	93
SL4.0ch02	40828206	40829706	177	142
SL4.0ch02	40904600	40906100	253	294
SL4.0ch02	40918358	40919858	371	295
SL4.0ch02	40918358	40919858	371	295
SL4.0ch02	40927771	40929271	120	149
SL4.0ch02	41069100	41070600	598	773
SL4.0ch02	41148311	41149811	424	1152
SL4.0ch02	41179944	41181444	96	183
SL4.0ch02	41240930	41242430	217	524
SL4.0ch02	41240930	41242430	217	524
SL4.0ch02	41797726	41799226	148	134
SL4.0ch02	41853243	41854743	90	86
SL4.0ch02	41853243	41854743	90	86
SL4.0ch02	41871520	41873020	93	83
SL4.0ch02	41951113	41952613	96	100
SL4.0ch02	41951113	41952613	96	100
SL4.0ch02	42479817	42481317	38	52
SL4.0ch02	42655247	42656747	60	84
SL4.0ch02	42655247	42656747	60	84
SL4.0ch02	42655247	42656747	60	84
SL4.0ch02	42699983	42701483	164	218
SL4.0ch02	42729559	42731059	2094	6464
SL4.0ch02	42979212	42980712	187	193
SL4.0ch02	43245052	43246552	53	58
SL4.0ch02	43245052	43246552	53	58
SL4.0ch02	43351010	43352510	27	36
SL4.0ch02	43471768	43473268	55	81
SL4.0ch02	43540409	43541909	144	215
SL4.0ch02	43730683	43732183	47	30
SL4.0ch02	43860417	43861917	57	62
SL4.0ch02	43860417	43861917	57	62
SL4.0ch02	44182875	44184375	68	109
SL4.0ch02	44469313	44470813	42	72
SL4.0ch02	44469313	44470813	42	72
SL4.0ch02	44960719	44962219	164	169
SL4.0ch02	45076150	45077650	220	148
SL4.0ch02	45466427	45467927	85	34
SL4.0ch02	45466427	45467927	85	34
SL4.0ch02	45466427	45467927	85	34
SL4.0ch02	45529564	45531064	379	376
SL4.0ch02	46271194	46272694	138	97
SL4.0ch02	46462208	46463708	66	48
SL4.0ch02	47238689	47240189	164	62
SL4.0ch02	47759232	47760732	41	40
SL4.0ch02	47759232	47760732	41	40
SL4.0ch02	47885735	47887235	3675	10218
SL4.0ch02	48090726	48092226	140	135
SL4.0ch02	48229237	48230737	139	84
SL4.0ch02	48262211	48263711	372	819
SL4.0ch02	48298929	48300429	155	191
SL4.0ch02	48298929	48300429	155	191
SL4.0ch02	48323553	48325053	202	237
SL4.0ch02	48323553	48325053	202	237
SL4.0ch02	48359890	48361390	139	170
SL4.0ch02	48359890	48361390	139	170
SL4.0ch02	48368081	48369581	120	132
SL4.0ch02	48368081	48369581	120	132
SL4.0ch02	48368081	48369581	120	132
SL4.0ch02	48448898	48450398	50	52
SL4.0ch02	48447148	48448648	148	218
SL4.0ch02	48498302	48499802	117	146
SL4.0ch02	48601201	48602701	137	197
SL4.0ch02	48601201	48602701	137	197
SL4.0ch02	48610559	48612059	237	420
SL4.0ch02	48680372	48681872	85	56
SL4.0ch02	48720686	48722186	111	93
SL4.0ch02	48720686	48722186	111	93
SL4.0ch02	48775852	48777352	58	69
SL4.0ch02	48883206	48884706	440	572
SL4.0ch02	48883206	48884706	440	572
SL4.0ch02	49154361	49155861	121	258
SL4.0ch02	49307405	49308905	120	168
SL4.0ch02	49358425	49359925	180	259
SL4.0ch02	49358425	49359925	180	259
SL4.0ch02	49358425	49359925	180	259
SL4.0ch02	49368118	49369618	3449	7702
SL4.0ch02	49368118	49369618	3449	7702
SL4.0ch02	49368118	49369618	3449	7702
SL4.0ch02	49368118	49369618	3449	7702
SL4.0ch02	49741559	49743059	9609	16065
SL4.0ch02	49741559	49743059	9609	16065
SL4.0ch02	49741559	49743059	9609	16065
SL4.0ch02	49741559	49743059	9609	16065
SL4.0ch02	49919738	49921238	31	59
SL4.0ch02	49925498	49926998	65	83
SL4.0ch02	49946762	49948262	140	144
SL4.0ch02	50344498	50345998	171	216
SL4.0ch02	50353601	50355101	164	105
SL4.0ch02	50463044	50464544	124	106
SL4.0ch02	50471358	50472858	166	177
SL4.0ch02	50479414	50480914	126	226
SL4.0ch02	50627633	50629133	32	24
SL4.0ch02	50632486	50633986	46	41
SL4.0ch02	50721228	50722728	122	168
SL4.0ch02	51167564	51169064	161	166
SL4.0ch02	51167564	51169064	161	166
SL4.0ch02	51167564	51169064	161	166
SL4.0ch02	51429328	51430828	390	1045
SL4.0ch02	51532557	51534057	138	145
SL4.0ch02	51552584	51554084	781	1826
SL4.0ch02	51693867	51695367	228	222
SL4.0ch02	51875578	51877078	75	86
SL4.0ch02	52053350	52054850	368	308
SL4.0ch02	52074886	52076386	106	115
SL4.0ch02	52321225	52322725	72	68
SL4.0ch02	52321225	52322725	72	68
SL4.0ch02	52453166	52454666	4143	8738
SL4.0ch02	52566489	52567989	108	126
SL4.0ch02	52689102	52690602	315	497
SL4.0ch02	52689102	52690602	315	497
SL4.0ch02	52986360	52987860	219	213
SL4.0ch02	53013054	53014554	50	37
SL4.0ch03	100708	102208	69	75
SL4.0ch03	104255	105755	39	34
SL4.0ch03	150342	151842	40	33
SL4.0ch03	204209	205709	173	172
SL4.0ch03	204209	205709	173	172
SL4.0ch03	204209	205709	173	172
SL4.0ch03	341963	343463	74	196
SL4.0ch03	422490	423990	85	36
SL4.0ch03	440463	441963	53	67
SL4.0ch03	542972	544472	2732	3772
SL4.0ch03	542972	544472	2732	3772
SL4.0ch03	542972	544472	2732	3772
SL4.0ch03	542972	544472	2732	3772
SL4.0ch03	542972	544472	2732	3772
SL4.0ch03	542972	544472	2732	3772
SL4.0ch03	542972	544472	2732	3772
SL4.0ch03	542972	544472	2732	3772
SL4.0ch03	542972	544472	2732	3772
SL4.0ch03	542972	544472	2732	3772
SL4.0ch03	542972	544472	2732	3772
SL4.0ch03	544348	545848	4250	6617
SL4.0ch03	544348	545848	4250	6617
SL4.0ch03	544348	545848	4250	6617
SL4.0ch03	544348	545848	4250	6617
SL4.0ch03	544348	545848	4250	6617
SL4.0ch03	544348	545848	4250	6617
SL4.0ch03	544348	545848	4250	6617
SL4.0ch03	544348	545848	4250	6617
SL4.0ch03	544348	545848	4250	6617
SL4.0ch03	544348	545848	4250	6617
SL4.0ch03	544348	545848	4250	6617
SL4.0ch03	546508	548008	7231	15841
SL4.0ch03	546508	548008	7231	15841
SL4.0ch03	546508	548008	7231	15841
SL4.0ch03	546508	548008	7231	15841
SL4.0ch03	546508	548008	7231	15841
SL4.0ch03	546508	548008	7231	15841
SL4.0ch03	546508	548008	7231	15841
SL4.0ch03	546508	548008	7231	15841
SL4.0ch03	546508	548008	7231	15841
SL4.0ch03	546508	548008	7231	15841
SL4.0ch03	546508	548008	7231	15841
SL4.0ch03	635808	637308	88	230
SL4.0ch03	675780	677280	116	69
SL4.0ch03	675780	677280	116	69
SL4.0ch03	678907	680407	58	62
SL4.0ch03	793447	794947	58	53
SL4.0ch03	793447	794947	58	53
SL4.0ch03	793447	794947	58	53
SL4.0ch03	847372	848872	43	51
SL4.0ch03	853399	854899	25	40
SL4.0ch03	1012368	1013868	49	167
SL4.0ch03	1020357	1021857	209	289
SL4.0ch03	1020357	1021857	209	289
SL4.0ch03	1112354	1113854	593	1976
SL4.0ch03	1212683	1214183	41	47
SL4.0ch03	1444090	1445590	136	165
SL4.0ch03	1903203	1904703	1342	2076
SL4.0ch03	1936450	1937950	112	43
SL4.0ch03	1949297	1950797	2107	1698
SL4.0ch03	2354851	2356351	145	152
SL4.0ch03	2410664	2412164	55	42
SL4.0ch03	2410664	2412164	55	42
SL4.0ch03	2471811	2473311	119	121
SL4.0ch03	2471811	2473311	119	121
SL4.0ch03	55818202	55819702	136	222
SL4.0ch03	2973230	2974730	30	12
SL4.0ch03	3054712	3056212	37	25
SL4.0ch03	3116414	3117914	195	265
SL4.0ch03	3415861	3417361	183	225
SL4.0ch03	3422017	3423517	30	32
SL4.0ch03	3517714	3519214	112	144
SL4.0ch03	3527215	3528715	96	68
SL4.0ch03	3613792	3615292	97	96
SL4.0ch03	3698231	3699731	180	161
SL4.0ch03	3701349	3702849	437	698
SL4.0ch03	4190023	4191523	167	151
SL4.0ch03	4190023	4191523	167	151
SL4.0ch03	4190023	4191523	167	151
SL4.0ch03	4196602	4198102	51	42
SL4.0ch03	4218370	4219870	64	51
SL4.0ch03	4218370	4219870	64	51
SL4.0ch03	4551840	4553340	63	65
SL4.0ch03	4589296	4590796	36	41
SL4.0ch03	4589296	4590796	36	41
SL4.0ch03	4747176	4748676	111	81
SL4.0ch03	4915992	4917492	80	194
SL4.0ch03	5741213	5742713	41	39
SL4.0ch03	5787845	5789345	1030	2031
SL4.0ch03	6263178	6264678	35	39
SL4.0ch03	6267822	6269322	37	30
SL4.0ch03	22852345	22853845	471	557
SL4.0ch03	23909795	23911295	28	52
SL4.0ch03	31398742	31400242	41	27
SL4.0ch03	31543834	31545334	98	67
SL4.0ch03	37523499	37524999	46	41
SL4.0ch03	43374004	43375504	77	118
SL4.0ch03	44594343	44595843	100	77
SL4.0ch03	44796439	44797939	24	14
SL4.0ch03	45568729	45570229	26	24
SL4.0ch03	45981184	45982684	89	83
SL4.0ch03	45984266	45985766	96	168
SL4.0ch03	46066052	46067552	51	36
SL4.0ch03	46628209	46629709	55	57
SL4.0ch03	46628209	46629709	55	57
SL4.0ch03	46708793	46710293	749	643
SL4.0ch03	46725820	46727320	48	36
SL4.0ch03	47254166	47255666	46	30
SL4.0ch03	47254166	47255666	46	30
SL4.0ch03	47363460	47364960	80	67
SL4.0ch03	47465301	47466801	197	395
SL4.0ch03	47770806	47772306	110	149
SL4.0ch03	48333113	48334613	51	44
SL4.0ch03	48483014	48484514	364	378
SL4.0ch03	48826135	48827635	28	13
SL4.0ch03	48826135	48827635	28	13
SL4.0ch03	48826135	48827635	28	13
SL4.0ch03	48843427	48844927	28	32
SL4.0ch03	48843427	48844927	28	32
SL4.0ch03	48843427	48844927	28	32
SL4.0ch03	48864272	48865772	53	26
SL4.0ch03	48864272	48865772	53	26
SL4.0ch03	48864272	48865772	53	26
SL4.0ch03	49256553	49258053	172	131
SL4.0ch03	49292439	49293939	119	250
SL4.0ch03	49712247	49713747	64	112
SL4.0ch03	49712247	49713747	64	112
SL4.0ch03	51203571	51205071	339	838
SL4.0ch03	51612721	51614221	158	127
SL4.0ch03	52445290	52446790	923	2454
SL4.0ch03	52970724	52972224	83	88
SL4.0ch03	53979858	53981358	112	182
SL4.0ch03	54032684	54034184	100	82
SL4.0ch03	54209288	54210788	61	204
SL4.0ch03	54217056	54218556	891	659
SL4.0ch03	54217056	54218556	891	659
SL4.0ch03	54464786	54466286	125	186
SL4.0ch03	54473451	54474951	33	42
SL4.0ch03	54507632	54509132	95	64
SL4.0ch03	54517059	54518559	71	61
SL4.0ch03	54522752	54524252	32	16
SL4.0ch03	54590256	54591756	92	83
SL4.0ch03	54651275	54652775	187	203
SL4.0ch03	54742807	54744307	91	53
SL4.0ch03	54742807	54744307	91	53
SL4.0ch03	54907220	54908720	106	70
SL4.0ch03	55236649	55238149	52	63
SL4.0ch03	55236649	55238149	52	63
SL4.0ch03	38540415	38541915	51	27
SL4.0ch03	56081320	56082820	49	30
SL4.0ch03	56174858	56176358	496	253
SL4.0ch03	56666481	56667981	184	58
SL4.0ch03	56666481	56667981	184	58
SL4.0ch03	56892096	56893596	50	29
SL4.0ch03	56899507	56901007	60	49
SL4.0ch03	56905068	56906568	32	12
SL4.0ch03	56921046	56922546	183	405
SL4.0ch03	56929057	56930557	95	138
SL4.0ch03	56989851	56991351	37	56
SL4.0ch03	57002901	57004401	24	23
SL4.0ch03	57009044	57010544	48	38
SL4.0ch03	57222820	57224320	109	99
SL4.0ch03	57292025	57293525	38	37
SL4.0ch03	57650416	57651916	515	387
SL4.0ch03	57786589	57788089	69	89
SL4.0ch03	57810513	57812013	239	177
SL4.0ch03	57869330	57870830	2363	4385
SL4.0ch03	57869330	57870830	2363	4385
SL4.0ch03	58003421	58004921	114	150
SL4.0ch03	58003421	58004921	114	150
SL4.0ch03	58015752	58017252	37	56
SL4.0ch03	58015752	58017252	37	56
SL4.0ch03	58209567	58211067	404	699
SL4.0ch03	58209567	58211067	404	699
SL4.0ch03	58209567	58211067	404	699
SL4.0ch03	58209567	58211067	404	699
SL4.0ch03	58742945	58744445	230	262
SL4.0ch03	58868895	58870395	4435	3883
SL4.0ch03	58996009	58997509	247	210
SL4.0ch03	59115005	59116505	94	237
SL4.0ch03	59439067	59440567	190	262
SL4.0ch03	59485748	59487248	25	29
SL4.0ch03	59485748	59487248	25	29
SL4.0ch03	59495251	59496751	32	27
SL4.0ch03	59495251	59496751	32	27
SL4.0ch03	59497366	59498866	34	22
SL4.0ch03	59497366	59498866	34	22
SL4.0ch03	59499514	59501014	40	30
SL4.0ch03	59499514	59501014	40	30
SL4.0ch03	59509723	59511223	47	36
SL4.0ch03	59509723	59511223	47	36
SL4.0ch03	59529224	59530724	102	143
SL4.0ch03	59634532	59636032	626	1042
SL4.0ch03	59634532	59636032	626	1042
SL4.0ch03	59660021	59661521	59	56
SL4.0ch03	59722448	59723948	107	97
SL4.0ch03	59761962	59763462	168	186
SL4.0ch03	59761962	59763462	168	186
SL4.0ch03	59761962	59763462	168	186
SL4.0ch03	59874635	59876135	88	64
SL4.0ch03	59874635	59876135	88	64
SL4.0ch03	59874635	59876135	88	64
SL4.0ch03	59908579	59910079	56	67
SL4.0ch03	59908579	59910079	56	67
SL4.0ch03	59956553	59958053	2428	4380
SL4.0ch03	59961724	59963224	62	57
SL4.0ch03	59966494	59967994	49	66
SL4.0ch03	60033037	60034537	122	82
SL4.0ch03	60257783	60259283	552	797
SL4.0ch03	60419503	60421003	122	199
SL4.0ch03	60481381	60482881	117	119
SL4.0ch03	60555692	60557192	93	102
SL4.0ch03	60555692	60557192	93	102
SL4.0ch03	60921747	60923247	426	270
SL4.0ch03	60947301	60948801	69	70
SL4.0ch03	61176628	61178128	92	91
SL4.0ch03	61176628	61178128	92	91
SL4.0ch03	61176628	61178128	92	91
SL4.0ch03	61176628	61178128	92	91
SL4.0ch03	61181041	61182541	71	78
SL4.0ch03	61380805	61382305	66	103
SL4.0ch03	61438458	61439958	62	48
SL4.0ch03	61698744	61700244	77	79
SL4.0ch03	62257895	62259395	143	81
SL4.0ch03	62257895	62259395	143	81
SL4.0ch03	62566974	62568474	7173	10530
SL4.0ch03	62566974	62568474	7173	10530
SL4.0ch03	62566974	62568474	7173	10530
SL4.0ch03	62566974	62568474	7173	10530
SL4.0ch03	62854114	62855614	2252	2143
SL4.0ch03	62922810	62924310	236	354
SL4.0ch03	62922810	62924310	236	354
SL4.0ch03	63034355	63035855	94	303
SL4.0ch03	63071688	63073188	127	155
SL4.0ch03	63192486	63193986	270	248
SL4.0ch03	63252362	63253862	272	221
SL4.0ch03	63274089	63275589	46	51
SL4.0ch03	63274089	63275589	46	51
SL4.0ch03	63369772	63371272	42	59
SL4.0ch03	63369772	63371272	42	59
SL4.0ch03	63385385	63386885	50	56
SL4.0ch03	63385385	63386885	50	56
SL4.0ch03	63417487	63418987	3293	3850
SL4.0ch03	63417487	63418987	3293	3850
SL4.0ch03	63425818	63427318	96	121
SL4.0ch03	63428588	63430088	81	108
SL4.0ch03	64109618	64111118	66	88
SL4.0ch03	64144152	64145652	49	37
SL4.0ch03	64663486	64664986	48	78
SL4.0ch03	64667688	64669188	51	36
SL4.0ch03	3704306	3705806	125	198
SL4.0ch04	75778	77278	77	37
SL4.0ch04	75778	77278	77	37
SL4.0ch04	289479	290979	126	138
SL4.0ch04	289479	290979	126	138
SL4.0ch04	412634	414134	74	64
SL4.0ch04	422051	423551	127	143
SL4.0ch04	422051	423551	127	143
SL4.0ch04	422051	423551	127	143
SL4.0ch04	524510	526010	134	199
SL4.0ch04	524510	526010	134	199
SL4.0ch04	655460	656960	42	44
SL4.0ch04	766420	767920	398	480
SL4.0ch04	766420	767920	398	480
SL4.0ch04	942388	943888	5955	10605
SL4.0ch04	942388	943888	5955	10605
SL4.0ch04	942388	943888	5955	10605
SL4.0ch04	942388	943888	5955	10605
SL4.0ch04	1564315	1565815	97	64
SL4.0ch04	1602005	1603505	141	151
SL4.0ch04	1611559	1613059	181	305
SL4.0ch04	1923806	1925306	97	159
SL4.0ch04	1923806	1925306	97	159
SL4.0ch04	1934912	1936412	176	137
SL4.0ch04	1934912	1936412	176	137
SL4.0ch04	2616001	2617501	107	67
SL4.0ch04	2616001	2617501	107	67
SL4.0ch04	2631547	2633047	8183	10480
SL4.0ch04	3623141	3624641	62	42
SL4.0ch04	3988910	3990410	101	134
SL4.0ch04	4192117	4193617	196	443
SL4.0ch04	4464715	4466215	84	54
SL4.0ch04	4732623	4734123	44	72
SL4.0ch04	4975312	4976812	42	114
SL4.0ch04	5093229	5094729	68	37
SL4.0ch04	5306838	5308338	67	179
SL4.0ch04	5501407	5502907	128	165
SL4.0ch04	5788521	5790021	77	89
SL4.0ch04	5788521	5790021	77	89
SL4.0ch04	6070695	6072195	2943	5648
SL4.0ch04	6544701	6546201	94	115
SL4.0ch04	6630515	6632015	39	24
SL4.0ch04	7349990	7351490	56	91
SL4.0ch04	7409531	7411031	62	61
SL4.0ch04	7409531	7411031	62	61
SL4.0ch04	7809170	7810670	333	583
SL4.0ch04	22267456	22268956	49	32
SL4.0ch04	22267456	22268956	49	32
SL4.0ch04	12121072	12122572	104	78
SL4.0ch04	11670596	11672096	112	133
SL4.0ch04	42100006	42101506	269	364
SL4.0ch04	44482255	44483755	423	1209
SL4.0ch04	44541695	44543195	155	99
SL4.0ch04	46907068	46908568	324	506
SL4.0ch04	48401658	48403158	37	30
SL4.0ch04	49838188	49839688	74	45
SL4.0ch04	49838188	49839688	74	45
SL4.0ch04	50331300	50332800	1146	1491
SL4.0ch04	51192639	51194139	1169	992
SL4.0ch04	51321606	51323106	36	30
SL4.0ch04	51449461	51450961	23	13
SL4.0ch04	51507257	51508757	24	14
SL4.0ch04	51566967	51568467	49	57
SL4.0ch04	51570476	51571976	80	57
SL4.0ch04	51570476	51571976	80	57
SL4.0ch04	52738038	52739538	108	106
SL4.0ch04	53354206	53355706	95	92
SL4.0ch04	54719391	54720891	121	221
SL4.0ch04	54724117	54725617	2876	3766
SL4.0ch04	54734184	54735684	154	136
SL4.0ch04	54987924	54989424	55	76
SL4.0ch04	55072247	55073747	70	49
SL4.0ch04	55164862	55166362	106	80
SL4.0ch04	55165232	55166732	135	132
SL4.0ch04	55247966	55249466	111	99
SL4.0ch04	55247966	55249466	111	99
SL4.0ch04	55844533	55846033	567	438
SL4.0ch04	56585086	56586586	167	225
SL4.0ch04	56591049	56592549	43	30
SL4.0ch04	56613162	56614662	199	297
SL4.0ch04	56633883	56635383	120	132
SL4.0ch04	56754079	56755579	42	36
SL4.0ch04	57122435	57123935	113	53
SL4.0ch04	57248282	57249782	53	40
SL4.0ch04	57709356	57710856	62	63
SL4.0ch04	57872530	57874030	196	341
SL4.0ch04	58122058	58123558	49	65
SL4.0ch04	58183356	58184856	163	202
SL4.0ch04	58242577	58244077	174	115
SL4.0ch04	58293509	58295009	47	59
SL4.0ch04	58302611	58304111	34	41
SL4.0ch04	58306804	58308304	157	303
SL4.0ch04	58313882	58315382	41	50
SL4.0ch04	58334517	58336017	30	16
SL4.0ch04	58457542	58459042	113	98
SL4.0ch04	58460530	58462030	189	243
SL4.0ch04	59027432	59028932	77	76
SL4.0ch04	59036470	59037970	250	291
SL4.0ch04	59237768	59239268	62	64
SL4.0ch04	59237768	59239268	62	64
SL4.0ch04	59668782	59670282	381	629
SL4.0ch04	59668782	59670282	381	629
SL4.0ch04	60070480	60071980	169	209
SL4.0ch04	60070480	60071980	169	209
SL4.0ch04	60357335	60358835	229	94
SL4.0ch04	60876418	60877918	72	84
SL4.0ch04	61024524	61026024	206	76
SL4.0ch04	61049882	61051382	30	44
SL4.0ch04	61049882	61051382	30	44
SL4.0ch04	61079758	61081258	182	84
SL4.0ch04	61088496	61089996	44	57
SL4.0ch04	61092964	61094464	80	67
SL4.0ch04	61239960	61241460	146	102
SL4.0ch04	61934036	61935536	49	27
SL4.0ch04	61934036	61935536	49	27
SL4.0ch04	61937326	61938826	59	35
SL4.0ch04	61937326	61938826	59	35
SL4.0ch04	61941086	61942586	35	52
SL4.0ch04	61941086	61942586	35	52
SL4.0ch04	62008304	62009804	108	72
SL4.0ch04	62012689	62014189	129	88
SL4.0ch04	62611586	62613086	98	101
SL4.0ch04	62611586	62613086	98	101
SL4.0ch04	63231864	63233364	74	182
SL4.0ch04	63302151	63303651	111	40
SL4.0ch04	63772629	63774129	380	1128
SL4.0ch04	63797936	63799436	6899	10189
SL4.0ch04	63929087	63930587	715	772
SL4.0ch04	64059116	64060616	47	44
SL4.0ch04	64059116	64060616	47	44
SL4.0ch04	64137145	64138645	163	250
SL4.0ch04	64159074	64160574	41	46
SL4.0ch04	64202387	64203887	83	51
SL4.0ch04	64204063	64205563	115	174
SL4.0ch04	64222503	64224003	658	960
SL4.0ch04	64348443	64349943	59	49
SL4.0ch04	64348443	64349943	59	49
SL4.0ch04	64353008	64354508	55	55
SL4.0ch04	64353008	64354508	55	55
SL4.0ch04	53969327	53970827	49	33
SL4.0ch04	54249203	54250703	66	86
SL4.0ch04	56642320	56643820	63	73
SL4.0ch05	11418	12918	241	181
SL4.0ch05	551346	552846	97	57
SL4.0ch05	551346	552846	97	57
SL4.0ch05	551346	552846	97	57
SL4.0ch05	762152	763652	166	126
SL4.0ch05	762152	763652	166	126
SL4.0ch05	764695	766195	184	151
SL4.0ch05	764695	766195	184	151
SL4.0ch05	765678	767178	189	144
SL4.0ch05	765678	767178	189	144
SL4.0ch05	773160	774660	48	39
SL4.0ch05	773160	774660	48	39
SL4.0ch05	786542	788042	41	104
SL4.0ch05	786542	788042	41	104
SL4.0ch05	889448	890948	51	104
SL4.0ch05	889637	891137	53	106
SL4.0ch05	920048	921548	52	74
SL4.0ch05	1106478	1107978	148	887
SL4.0ch05	1106478	1107978	148	887
SL4.0ch05	1106478	1107978	148	887
SL4.0ch05	1106478	1107978	148	887
SL4.0ch05	1106478	1107978	148	887
SL4.0ch05	1117079	1118579	62	69
SL4.0ch05	1133282	1134782	118	69
SL4.0ch05	1133282	1134782	118	69
SL4.0ch05	1630527	1632027	33	26
SL4.0ch05	1630527	1632027	33	26
SL4.0ch05	1785498	1786998	131	113
SL4.0ch05	2101352	2102852	123	209
SL4.0ch05	2229431	2230931	33	23
SL4.0ch05	2245499	2246999	28	42
SL4.0ch05	2277058	2278558	661	1554
SL4.0ch05	2327974	2329474	118	99
SL4.0ch05	2327974	2329474	118	99
SL4.0ch05	2684099	2685599	70	70
SL4.0ch05	3489063	3490563	7160	13155
SL4.0ch05	3489063	3490563	7160	13155
SL4.0ch05	3489063	3490563	7160	13155
SL4.0ch05	3489063	3490563	7160	13155
SL4.0ch05	3594039	3595539	78	79
SL4.0ch05	3594039	3595539	78	79
SL4.0ch05	3720531	3722031	42	50
SL4.0ch05	3720531	3722031	42	50
SL4.0ch05	4036793	4038293	446	362
SL4.0ch05	4036793	4038293	446	362
SL4.0ch05	4897814	4899314	91	54
SL4.0ch05	6350669	6352169	124	300
SL4.0ch05	7879614	7881114	169	274
SL4.0ch05	7879614	7881114	169	274
SL4.0ch05	8040196	8041696	166	196
SL4.0ch05	8380596	8382096	103	89
SL4.0ch05	8974723	8976223	154	129
SL4.0ch05	13198649	13200149	334	468
SL4.0ch05	13198649	13200149	334	468
SL4.0ch05	19343345	19344845	1814	3634
SL4.0ch05	19343345	19344845	1814	3634
SL4.0ch05	19343345	19344845	1814	3634
SL4.0ch05	19343345	19344845	1814	3634
SL4.0ch05	20182727	20184227	51	46
SL4.0ch05	30156702	30158202	59	40
SL4.0ch05	30156702	30158202	59	40
SL4.0ch05	31013888	31015388	186	120
SL4.0ch05	31083389	31084889	182	183
SL4.0ch05	31141581	31143081	63	89
SL4.0ch05	37384350	37385850	207	200
SL4.0ch05	46253863	46255363	37	33
SL4.0ch05	57492969	57494469	26	16
SL4.0ch05	57492969	57494469	26	16
SL4.0ch05	57578592	57580092	42	32
SL4.0ch05	57808237	57809737	67	64
SL4.0ch05	57808237	57809737	67	64
SL4.0ch05	57808237	57809737	67	64
SL4.0ch05	58881628	58883128	69	31
SL4.0ch05	59473057	59474557	2520	3973
SL4.0ch05	60867380	60868880	49	24
SL4.0ch05	61327940	61329440	41	26
SL4.0ch05	61378048	61379548	52	39
SL4.0ch05	61912001	61913501	40	36
SL4.0ch05	61912001	61913501	40	36
SL4.0ch05	61929308	61930808	38	48
SL4.0ch05	61929308	61930808	38	48
SL4.0ch05	61929308	61930808	38	48
SL4.0ch05	62029408	62030908	67	67
SL4.0ch05	62029408	62030908	67	67
SL4.0ch05	62210959	62212459	99	86
SL4.0ch05	62606895	62608395	60	43
SL4.0ch05	62626556	62628056	79	66
SL4.0ch05	62810779	62812279	88	84
SL4.0ch05	63129687	63131187	36	34
SL4.0ch05	63129687	63131187	36	34
SL4.0ch05	63129687	63131187	36	34
SL4.0ch05	63240424	63241924	161	165
SL4.0ch05	64004474	64005974	76	49
SL4.0ch05	64189328	64190828	50	43
SL4.0ch05	64496066	64497566	196	826
SL4.0ch05	64691574	64693074	54	52
SL4.0ch05	64853162	64854662	158	201
SL4.0ch05	65204984	65206484	67	87
SL4.0ch05	65223223	65224723	63	53
SL4.0ch06	76435	77935	63	46
SL4.0ch06	76435	77935	63	46
SL4.0ch06	191347	192847	117	224
SL4.0ch06	391144	392644	425	753
SL4.0ch06	769967	771467	66	56
SL4.0ch06	769967	771467	66	56
SL4.0ch06	770401	771901	108	74
SL4.0ch06	770401	771901	108	74
SL4.0ch06	773859	775359	1830	3897
SL4.0ch06	1120155	1121655	124	108
SL4.0ch06	1462784	1464284	72	59
SL4.0ch06	1462784	1464284	72	59
SL4.0ch06	1462784	1464284	72	59
SL4.0ch06	1675543	1677043	35	55
SL4.0ch06	1675543	1677043	35	55
SL4.0ch06	2262432	2263932	21	33
SL4.0ch06	2262432	2263932	21	33
SL4.0ch06	2262432	2263932	21	33
SL4.0ch06	2503046	2504546	148	149
SL4.0ch06	2509794	2511294	87	91
SL4.0ch06	2523956	2525456	75	126
SL4.0ch06	3122004	3123504	64	52
SL4.0ch06	3147340	3148840	101	48
SL4.0ch06	3147340	3148840	101	48
SL4.0ch06	3318376	3319876	46	55
SL4.0ch06	3494566	3496066	123	58
SL4.0ch06	3832242	3833742	42	25
SL4.0ch06	3832242	3833742	42	25
SL4.0ch06	6814107	6815607	56	34
SL4.0ch06	6837148	6838648	37	39
SL4.0ch06	7451625	7453125	124	142
SL4.0ch06	21160514	21162014	48	44
SL4.0ch06	21827833	21829333	54	24
SL4.0ch06	21918365	21919865	32	46
SL4.0ch06	22244483	22245983	77	57
SL4.0ch06	22421740	22423240	81	97
SL4.0ch06	22421740	22423240	81	97
SL4.0ch06	22579336	22580836	66	184
SL4.0ch06	22796162	22797662	77	86
SL4.0ch06	23165262	23166762	119	170
SL4.0ch06	23588045	23589545	1110	2378
SL4.0ch06	23588045	23589545	1110	2378
SL4.0ch06	29047477	29048977	24	57
SL4.0ch06	29047477	29048977	24	57
SL4.0ch06	29047477	29048977	24	57
SL4.0ch06	29607751	29609251	66	53
SL4.0ch06	29607751	29609251	66	53
SL4.0ch06	30019166	30020666	156	138
SL4.0ch06	30019166	30020666	156	138
SL4.0ch06	30174672	30176172	38	16
SL4.0ch06	30563012	30564512	19	20
SL4.0ch06	30563012	30564512	19	20
SL4.0ch06	30563012	30564512	19	20
SL4.0ch06	30571959	30573459	25	16
SL4.0ch06	30571959	30573459	25	16
SL4.0ch06	30571959	30573459	25	16
SL4.0ch06	30580470	30581970	37	28
SL4.0ch06	30580470	30581970	37	28
SL4.0ch06	30580470	30581970	37	28
SL4.0ch06	30602105	30603605	55	59
SL4.0ch06	30602105	30603605	55	59
SL4.0ch06	30602105	30603605	55	59
SL4.0ch06	30899784	30901284	483	498
SL4.0ch06	30937808	30939308	149	197
SL4.0ch06	30937808	30939308	149	197
SL4.0ch06	31320309	31321809	168	223
SL4.0ch06	31503382	31504882	95	53
SL4.0ch06	31503382	31504882	95	53
SL4.0ch06	31867051	31868551	109	378
SL4.0ch06	32525390	32526890	355	765
SL4.0ch06	33252586	33254086	80	78
SL4.0ch06	33252586	33254086	80	78
SL4.0ch06	33411824	33413324	208	204
SL4.0ch06	33663010	33664510	2141	4396
SL4.0ch06	34219556	34221056	72	80
SL4.0ch06	34342963	34344463	133	91
SL4.0ch06	34498622	34500122	532	691
SL4.0ch06	34622028	34623528	46	34
SL4.0ch06	34874757	34876257	8698	10751
SL4.0ch06	34880256	34881756	1347	5080
SL4.0ch06	34965684	34967184	39	70
SL4.0ch06	35642516	35644016	82	54
SL4.0ch06	35659827	35661327	50	50
SL4.0ch06	35828312	35829812	49	62
SL4.0ch06	35902646	35904146	96	111
SL4.0ch06	35965223	35966723	6092	14329
SL4.0ch06	36142411	36143911	61	43
SL4.0ch06	36145942	36147442	51	60
SL4.0ch06	36274971	36276471	43	45
SL4.0ch06	36379311	36380811	189	145
SL4.0ch06	36383960	36385460	296	319
SL4.0ch06	36460965	36462465	36	48
SL4.0ch06	37180065	37181565	88	62
SL4.0ch06	37180065	37181565	88	62
SL4.0ch06	37367719	37369219	92	108
SL4.0ch06	37548946	37550446	75	88
SL4.0ch06	37555247	37556747	203	174
SL4.0ch06	37561413	37562913	142	153
SL4.0ch06	37570538	37572038	39	57
SL4.0ch06	37575032	37576532	117	114
SL4.0ch06	37698131	37699631	6746	10479
SL4.0ch06	37698131	37699631	6746	10479
SL4.0ch06	37698131	37699631	6746	10479
SL4.0ch06	37698131	37699631	6746	10479
SL4.0ch06	37698131	37699631	6746	10479
SL4.0ch06	37698131	37699631	6746	10479
SL4.0ch06	37698131	37699631	6746	10479
SL4.0ch06	37698131	37699631	6746	10479
SL4.0ch06	37754940	37756440	32	40
SL4.0ch06	37754940	37756440	32	40
SL4.0ch06	37754940	37756440	32	40
SL4.0ch06	37899714	37901214	119	108
SL4.0ch06	37899714	37901214	119	108
SL4.0ch06	38184960	38186460	209	199
SL4.0ch06	38184960	38186460	209	199
SL4.0ch06	38246525	38248025	244	194
SL4.0ch06	38470495	38471995	100	211
SL4.0ch06	38470495	38471995	100	211
SL4.0ch06	38625119	38626619	90	102
SL4.0ch06	38739244	38740744	53	63
SL4.0ch06	38739244	38740744	53	63
SL4.0ch06	38874416	38875916	0	4
SL4.0ch06	39062254	39063754	79	63
SL4.0ch06	39219663	39221163	85	71
SL4.0ch06	39451256	39452756	65	53
SL4.0ch06	39486546	39488046	142	131
SL4.0ch06	39486546	39488046	142	131
SL4.0ch06	39515084	39516584	4113	5505
SL4.0ch06	39515084	39516584	4113	5505
SL4.0ch06	39535517	39537017	97	208
SL4.0ch06	39802008	39803508	98	69
SL4.0ch06	39802008	39803508	98	69
SL4.0ch06	39869848	39871348	909	1955
SL4.0ch06	39874645	39876145	59	92
SL4.0ch06	39967130	39968630	156	137
SL4.0ch06	40054057	40055557	192	207
SL4.0ch06	40054057	40055557	192	207
SL4.0ch06	40054057	40055557	192	207
SL4.0ch06	40098768	40100268	75	101
SL4.0ch06	40113556	40115056	109	142
SL4.0ch06	40113556	40115056	109	142
SL4.0ch06	40523985	40525485	99	109
SL4.0ch06	40523985	40525485	99	109
SL4.0ch06	40523985	40525485	99	109
SL4.0ch06	40935530	40937030	43	49
SL4.0ch06	40975487	40976987	1620	3103
SL4.0ch06	40975487	40976987	1620	3103
SL4.0ch06	41051372	41052872	82	133
SL4.0ch06	41051372	41052872	82	133
SL4.0ch06	41051372	41052872	82	133
SL4.0ch06	41062810	41064310	5641	18818
SL4.0ch06	41062810	41064310	5641	18818
SL4.0ch06	41062810	41064310	5641	18818
SL4.0ch06	41062810	41064310	5641	18818
SL4.0ch06	41062810	41064310	5641	18818
SL4.0ch06	41076203	41077703	142	202
SL4.0ch06	41076203	41077703	142	202
SL4.0ch06	41119991	41121491	90	60
SL4.0ch06	41132168	41133668	41	45
SL4.0ch06	41196375	41197875	475	533
SL4.0ch06	41223063	41224563	40	16
SL4.0ch06	41239570	41241070	49	64
SL4.0ch06	41241168	41242668	53	33
SL4.0ch06	41257638	41259138	127	70
SL4.0ch06	41365002	41366502	128	172
SL4.0ch06	41657616	41659116	358	283
SL4.0ch06	41724727	41726227	44	51
SL4.0ch06	41724727	41726227	44	51
SL4.0ch06	41784176	41785676	50	81
SL4.0ch06	41824546	41826046	45	70
SL4.0ch06	42462394	42463894	37	38
SL4.0ch06	42499525	42501025	98	104
SL4.0ch06	42507984	42509484	1838	3632
SL4.0ch06	42507984	42509484	1838	3632
SL4.0ch06	42529546	42531046	78	73
SL4.0ch06	42670165	42671665	462	873
SL4.0ch06	42753889	42755389	987	1299
SL4.0ch06	42753889	42755389	987	1299
SL4.0ch06	42913199	42914699	78	63
SL4.0ch06	42913199	42914699	78	63
SL4.0ch06	43082440	43083940	48	39
SL4.0ch06	43082440	43083940	48	39
SL4.0ch06	43088553	43090053	63	54
SL4.0ch06	44021505	44023005	257	217
SL4.0ch06	44076930	44078430	33	53
SL4.0ch06	44319429	44320929	469	577
SL4.0ch06	44492433	44493933	94	230
SL4.0ch06	44492433	44493933	94	230
SL4.0ch06	44500517	44502017	50	157
SL4.0ch06	44500517	44502017	50	157
SL4.0ch06	44545980	44547480	71	101
SL4.0ch06	44545980	44547480	71	101
SL4.0ch06	44601053	44602553	156	143
SL4.0ch06	44608020	44609520	43	33
SL4.0ch06	44702215	44703715	123	164
SL4.0ch06	44880007	44881507	309	318
SL4.0ch06	44880007	44881507	309	318
SL4.0ch06	44880007	44881507	309	318
SL4.0ch06	44880007	44881507	309	318
SL4.0ch06	45043510	45045010	160	129
SL4.0ch06	45043510	45045010	160	129
SL4.0ch06	45079055	45080555	199	121
SL4.0ch06	45337894	45339394	144	254
SL4.0ch06	45337894	45339394	144	254
SL4.0ch06	45359084	45360584	287	843
SL4.0ch06	45828074	45829574	146	79
SL4.0ch06	45828074	45829574	146	79
SL4.0ch06	45828074	45829574	146	79
SL4.0ch06	45893976	45895476	396	431
SL4.0ch06	45912978	45914478	45	32
SL4.0ch06	46091542	46093042	106	51
SL4.0ch06	46091542	46093042	106	51
SL4.0ch06	46114577	46116077	134	188
SL4.0ch06	46203594	46205094	92	46
SL4.0ch06	46345787	46347287	118	128
SL4.0ch06	46650719	46652219	79	107
SL4.0ch06	46650719	46652219	79	107
SL4.0ch06	46771677	46773177	54	38
SL4.0ch06	46900139	46901639	287	126
SL4.0ch06	47059534	47061034	1917	2761
SL4.0ch06	47225341	47226841	68	44
SL4.0ch06	47225341	47226841	68	44
SL4.0ch06	47248825	47250325	43	63
SL4.0ch06	39208658	39210158	126	216
SL4.0ch07	154147	155647	53	32
SL4.0ch07	250296	251796	226	165
SL4.0ch07	272342	273842	61	53
SL4.0ch07	325969	327469	725	1296
SL4.0ch07	325969	327469	725	1296
SL4.0ch07	325969	327469	725	1296
SL4.0ch07	642110	643610	64	22
SL4.0ch07	642110	643610	64	22
SL4.0ch07	642110	643610	64	22
SL4.0ch07	642110	643610	64	22
SL4.0ch07	649751	651251	60	32
SL4.0ch07	659301	660801	63	57
SL4.0ch07	659301	660801	63	57
SL4.0ch07	828670	830170	136	219
SL4.0ch07	828670	830170	136	219
SL4.0ch07	1683610	1685110	45	20
SL4.0ch07	1683610	1685110	45	20
SL4.0ch07	1683610	1685110	45	20
SL4.0ch07	1689285	1690785	73	51
SL4.0ch07	1689285	1690785	73	51
SL4.0ch07	1689285	1690785	73	51
SL4.0ch07	1763947	1765447	56	55
SL4.0ch07	1763947	1765447	56	55
SL4.0ch07	1929975	1931475	108	162
SL4.0ch07	2137430	2138930	39	51
SL4.0ch07	2646882	2648382	103	37
SL4.0ch07	2746177	2747677	55	55
SL4.0ch07	2824925	2826425	86	96
SL4.0ch07	2833729	2835229	53	69
SL4.0ch07	2936564	2938064	58	93
SL4.0ch07	3103403	3104903	101	109
SL4.0ch07	3364090	3365590	59	38
SL4.0ch07	3364090	3365590	59	38
SL4.0ch07	3412967	3414467	37	56
SL4.0ch07	3412967	3414467	37	56
SL4.0ch07	3443093	3444593	306	337
SL4.0ch07	3443093	3444593	306	337
SL4.0ch07	3536585	3538085	38	55
SL4.0ch07	3833167	3834667	31	30
SL4.0ch07	3833167	3834667	31	30
SL4.0ch07	4226603	4228103	67	17
SL4.0ch07	5139877	5141377	73	77
SL4.0ch07	5139877	5141377	73	77
SL4.0ch07	7728297	7729797	86	65
SL4.0ch07	8727270	8728770	34	27
SL4.0ch07	24006943	24008443	362	806
SL4.0ch07	24207846	24209346	52	36
SL4.0ch07	30390889	30392389	60	54
SL4.0ch07	39440473	39441973	54	51
SL4.0ch07	39440473	39441973	54	51
SL4.0ch07	40666470	40667970	6	15
SL4.0ch07	40666470	40667970	6	15
SL4.0ch07	49174351	49175851	639	842
SL4.0ch07	49258842	49260342	97	126
SL4.0ch07	51029256	51030756	103	154
SL4.0ch07	53676966	53678466	31	37
SL4.0ch07	53676966	53678466	31	37
SL4.0ch07	54490298	54491798	134	278
SL4.0ch07	56060040	56061540	76	41
SL4.0ch07	56109963	56111463	86	50
SL4.0ch07	56252441	56253941	138	82
SL4.0ch07	56857087	56858587	179	201
SL4.0ch07	56879721	56881221	165	264
SL4.0ch07	57805153	57806653	4394	4872
SL4.0ch07	57805153	57806653	4394	4872
SL4.0ch07	57805153	57806653	4394	4872
SL4.0ch07	58969349	58970849	7237	14442
SL4.0ch07	58969349	58970849	7237	14442
SL4.0ch07	58969349	58970849	7237	14442
SL4.0ch07	58969349	58970849	7237	14442
SL4.0ch07	58969349	58970849	7237	14442
SL4.0ch07	58969349	58970849	7237	14442
SL4.0ch07	58969349	58970849	7237	14442
SL4.0ch07	58969349	58970849	7237	14442
SL4.0ch07	58969349	58970849	7237	14442
SL4.0ch07	58969349	58970849	7237	14442
SL4.0ch07	58969349	58970849	7237	14442
SL4.0ch07	59060451	59061951	92	111
SL4.0ch07	59466193	59467693	414	813
SL4.0ch07	59466193	59467693	414	813
SL4.0ch07	59478930	59480430	81	61
SL4.0ch07	59478930	59480430	81	61
SL4.0ch07	59561604	59563104	368	160
SL4.0ch07	59570971	59572471	37	63
SL4.0ch07	59583451	59584951	125	148
SL4.0ch07	59746966	59748466	161	141
SL4.0ch07	59762906	59764406	138	151
SL4.0ch07	60234013	60235513	63	68
SL4.0ch07	60311550	60313050	73	96
SL4.0ch07	60315843	60317343	232	321
SL4.0ch07	60322160	60323660	130	109
SL4.0ch07	60343332	60344832	204	579
SL4.0ch07	60381568	60383068	96	167
SL4.0ch07	60387178	60388678	157	241
SL4.0ch07	60813010	60814510	101	82
SL4.0ch07	60829437	60830937	246	429
SL4.0ch07	60959931	60961431	40	48
SL4.0ch07	60974723	60976223	137	99
SL4.0ch07	60974723	60976223	137	99
SL4.0ch07	60986903	60988403	176	192
SL4.0ch07	61004395	61005895	33	46
SL4.0ch07	61009366	61010866	128	184
SL4.0ch07	61017378	61018878	54	42
SL4.0ch07	61089735	61091235	42	113
SL4.0ch07	61323139	61324639	323	186
SL4.0ch07	61323139	61324639	323	186
SL4.0ch07	61323139	61324639	323	186
SL4.0ch07	61520288	61521788	306	307
SL4.0ch07	61520288	61521788	306	307
SL4.0ch07	61661144	61662644	131	84
SL4.0ch07	61863465	61864965	57	121
SL4.0ch07	61979651	61981151	74	46
SL4.0ch07	62105796	62107296	38	49
SL4.0ch07	62229616	62231116	83	85
SL4.0ch07	62245882	62247382	131	193
SL4.0ch07	62490404	62491904	10106	17273
SL4.0ch07	62496659	62498159	145	92
SL4.0ch07	62573607	62575107	74	71
SL4.0ch07	63212619	63214119	38	67
SL4.0ch07	63306758	63308258	157	212
SL4.0ch07	63306758	63308258	157	212
SL4.0ch07	63567582	63569082	95	91
SL4.0ch07	63775140	63776640	182	212
SL4.0ch07	63807738	63809238	34	47
SL4.0ch07	63807738	63809238	34	47
SL4.0ch07	63807738	63809238	34	47
SL4.0ch07	63817658	63819158	109	133
SL4.0ch07	63817658	63819158	109	133
SL4.0ch07	63817658	63819158	109	133
SL4.0ch07	64063076	64064576	74	58
SL4.0ch07	64063076	64064576	74	58
SL4.0ch07	64156538	64158038	146	131
SL4.0ch07	64305662	64307162	56	68
SL4.0ch07	64887574	64889074	163	127
SL4.0ch07	64887574	64889074	163	127
SL4.0ch07	65314321	65315821	74	63
SL4.0ch07	65326788	65328288	79	88
SL4.0ch07	65326788	65328288	79	88
SL4.0ch07	65326788	65328288	79	88
SL4.0ch07	65480515	65482015	138	118
SL4.0ch07	65491772	65493272	257	282
SL4.0ch07	65546772	65548272	93	147
SL4.0ch07	65571767	65573267	32	37
SL4.0ch07	65571767	65573267	32	37
SL4.0ch07	65714711	65716211	106	86
SL4.0ch07	65714711	65716211	106	86
SL4.0ch07	65731639	65733139	50	82
SL4.0ch07	65731639	65733139	50	82
SL4.0ch07	65870492	65871992	3614	3131
SL4.0ch07	65870492	65871992	3614	3131
SL4.0ch07	65870492	65871992	3614	3131
SL4.0ch07	65870492	65871992	3614	3131
SL4.0ch07	65870492	65871992	3614	3131
SL4.0ch07	65870492	65871992	3614	3131
SL4.0ch07	65870492	65871992	3614	3131
SL4.0ch07	65870492	65871992	3614	3131
SL4.0ch07	65870492	65871992	3614	3131
SL4.0ch07	65870492	65871992	3614	3131
SL4.0ch07	65870492	65871992	3614	3131
SL4.0ch07	66095821	66097321	48	58
SL4.0ch07	66146644	66148144	82	79
SL4.0ch07	66174093	66175593	55	50
SL4.0ch07	66257941	66259441	44	17
SL4.0ch07	66270319	66271819	71	33
SL4.0ch07	66363785	66365285	84	66
SL4.0ch07	66513917	66515417	161	150
SL4.0ch07	66635044	66636544	112	107
SL4.0ch07	66927965	66929465	133	140
SL4.0ch07	67241313	67242813	86	94
SL4.0ch07	67579478	67580978	119	144
SL4.0ch07	67593419	67594919	158	137
SL4.0ch07	67646569	67648069	128	153
SL4.0ch07	67646569	67648069	128	153
SL4.0ch07	67646569	67648069	128	153
SL4.0ch07	67738124	67739624	1339	2664
SL4.0ch07	67738124	67739624	1339	2664
SL4.0ch07	67738124	67739624	1339	2664
SL4.0ch08	129946	131446	60	81
SL4.0ch08	129946	131446	60	81
SL4.0ch08	223204	224704	66	56
SL4.0ch08	303082	304582	79	64
SL4.0ch08	378868	380368	375	1038
SL4.0ch08	415469	416969	17	29
SL4.0ch08	524153	525653	46	85
SL4.0ch08	628040	629540	99	59
SL4.0ch08	881330	882830	47	39
SL4.0ch08	1004080	1005580	170	240
SL4.0ch08	1004080	1005580	170	240
SL4.0ch08	1006826	1008326	194	458
SL4.0ch08	1006826	1008326	194	458
SL4.0ch08	1009296	1010796	28	24
SL4.0ch08	1508597	1510097	3924	3612
SL4.0ch08	1508597	1510097	3924	3612
SL4.0ch08	1508597	1510097	3924	3612
SL4.0ch08	1998644	2000144	73	77
SL4.0ch08	1998644	2000144	73	77
SL4.0ch08	2142544	2144044	87	68
SL4.0ch08	2334075	2335575	164	300
SL4.0ch08	3069489	3070989	3522	4060
SL4.0ch08	3213169	3214669	45	53
SL4.0ch08	3213169	3214669	45	53
SL4.0ch08	3581349	3582849	34	49
SL4.0ch08	3652263	3653763	50	34
SL4.0ch08	4220120	4221620	48	30
SL4.0ch08	4402672	4404172	44	36
SL4.0ch08	4635808	4637308	31	42
SL4.0ch08	4635808	4637308	31	42
SL4.0ch08	4670281	4671781	40	16
SL4.0ch08	4670281	4671781	40	16
SL4.0ch08	8017002	8018502	76	80
SL4.0ch08	26503963	26505463	88	59
SL4.0ch08	20767730	20769230	55	53
SL4.0ch08	20767730	20769230	55	53
SL4.0ch08	42554317	42555817	144	102
SL4.0ch08	44517920	44519420	53	81
SL4.0ch08	44781087	44782587	117	80
SL4.0ch08	46419241	46420741	67	89
SL4.0ch08	48871569	48873069	109	326
SL4.0ch08	48871569	48873069	109	326
SL4.0ch08	49590619	49592119	37	30
SL4.0ch08	49590619	49592119	37	30
SL4.0ch08	50242271	50243771	90	207
SL4.0ch08	51181207	51182707	142	287
SL4.0ch08	51469360	51470860	52	33
SL4.0ch08	51728992	51730492	50	41
SL4.0ch08	51776253	51777753	48	41
SL4.0ch08	52964749	52966249	48	36
SL4.0ch08	53096875	53098375	101	73
SL4.0ch08	53806932	53808432	111	56
SL4.0ch08	53921999	53923499	51	48
SL4.0ch08	53921999	53923499	51	48
SL4.0ch08	54093968	54095468	49	39
SL4.0ch08	54483908	54485408	75	141
SL4.0ch08	54483908	54485408	75	141
SL4.0ch08	54483908	54485408	75	141
SL4.0ch08	54487406	54488906	8670	9536
SL4.0ch08	54487406	54488906	8670	9536
SL4.0ch08	54487406	54488906	8670	9536
SL4.0ch08	54487406	54488906	8670	9536
SL4.0ch08	54487406	54488906	8670	9536
SL4.0ch08	54487406	54488906	8670	9536
SL4.0ch08	54915975	54917475	50	67
SL4.0ch08	55153709	55155209	52	78
SL4.0ch08	56329454	56330954	83	73
SL4.0ch08	56479177	56480677	56	37
SL4.0ch08	56549717	56551217	54	33
SL4.0ch08	56549717	56551217	54	33
SL4.0ch08	56549717	56551217	54	33
SL4.0ch08	56791881	56793381	132	190
SL4.0ch08	57193706	57195206	33	40
SL4.0ch08	57240396	57241896	28	28
SL4.0ch08	57286570	57288070	691	1026
SL4.0ch08	57301231	57302731	40	10
SL4.0ch08	57327258	57328758	48	53
SL4.0ch08	57496618	57498118	104	224
SL4.0ch08	57950470	57951970	112	90
SL4.0ch08	58072487	58073987	67	52
SL4.0ch08	58088523	58090023	205	472
SL4.0ch08	58243839	58245339	85	127
SL4.0ch08	58243839	58245339	85	127
SL4.0ch08	58350855	58352355	1367	4796
SL4.0ch08	58363616	58365116	49	71
SL4.0ch08	58380087	58381587	49	60
SL4.0ch08	58403714	58405214	119	119
SL4.0ch08	58660067	58661567	82	61
SL4.0ch08	58752260	58753760	39	63
SL4.0ch08	58765507	58767007	28	30
SL4.0ch08	59012788	59014288	226	142
SL4.0ch08	59192614	59194114	132	100
SL4.0ch08	59192614	59194114	132	100
SL4.0ch08	59280619	59282119	133	166
SL4.0ch08	59327585	59329085	59	78
SL4.0ch08	59383916	59385416	168	141
SL4.0ch08	59677444	59678944	135	30
SL4.0ch08	59698696	59700196	171	325
SL4.0ch08	59750214	59751714	75	62
SL4.0ch08	59798158	59799658	191	155
SL4.0ch08	60058627	60060127	79	77
SL4.0ch08	60463886	60465386	64	68
SL4.0ch08	60463886	60465386	64	68
SL4.0ch08	60718394	60719894	206	312
SL4.0ch08	60718394	60719894	206	312
SL4.0ch08	60870084	60871584	49	26
SL4.0ch08	60870084	60871584	49	26
SL4.0ch08	60870084	60871584	49	26
SL4.0ch08	60984992	60986492	108	126
SL4.0ch08	60992797	60994297	551	1548
SL4.0ch08	60999074	61000574	45	61
SL4.0ch08	61012744	61014244	22	14
SL4.0ch08	61037896	61039396	49	43
SL4.0ch08	61058021	61059521	540	350
SL4.0ch08	61523176	61524676	56	94
SL4.0ch08	61753590	61755090	328	739
SL4.0ch08	61772782	61774282	128	179
SL4.0ch08	61792902	61794402	95	79
SL4.0ch08	61868861	61870361	65	66
SL4.0ch08	61927763	61929263	149	169
SL4.0ch08	62369852	62371352	217	200
SL4.0ch08	62462377	62463877	57	46
SL4.0ch08	63158067	63159567	133	410
SL4.0ch08	63441255	63442755	236	969
SL4.0ch08	63517993	63519493	112	158
SL4.0ch08	63657828	63659328	140	280
SL4.0ch08	63694834	63696334	43	42
SL4.0ch08	63962421	63963921	91	90
SL4.0ch08	61018937	61020437	23	33
SL4.0ch08	61047121	61048621	32	54
SL4.0ch08	61043183	61044683	45	21
SL4.0ch08	61022694	61024194	41	49
SL4.0ch09	273410	274910	59	89
SL4.0ch09	293595	295095	38	21
SL4.0ch09	293595	295095	38	21
SL4.0ch09	722787	724287	102	43
SL4.0ch09	722787	724287	102	43
SL4.0ch09	724295	725795	67	39
SL4.0ch09	724295	725795	67	39
SL4.0ch09	883116	884616	77	33
SL4.0ch09	1380274	1381774	78	81
SL4.0ch09	1504566	1506066	107	164
SL4.0ch09	1534459	1535959	85	50
SL4.0ch09	1570692	1572192	256	376
SL4.0ch09	1773664	1775164	175	380
SL4.0ch09	1773664	1775164	175	380
SL4.0ch09	2288365	2289865	80	42
SL4.0ch09	2342791	2344291	52	103
SL4.0ch09	2340562	2342062	44	58
SL4.0ch09	2490494	2491994	39	38
SL4.0ch09	3500415	3501915	70	51
SL4.0ch09	3500415	3501915	70	51
SL4.0ch09	3843392	3844892	167	109
SL4.0ch09	3965123	3966623	50	56
SL4.0ch09	4004875	4006375	121	65
SL4.0ch09	4004875	4006375	121	65
SL4.0ch09	4004875	4006375	121	65
SL4.0ch09	4004875	4006375	121	65
SL4.0ch09	4295307	4296807	99	85
SL4.0ch09	4451326	4452826	397	531
SL4.0ch09	4451326	4452826	397	531
SL4.0ch09	4455256	4456756	33	44
SL4.0ch09	4839482	4840982	115	142
SL4.0ch09	5710511	5712011	62	64
SL4.0ch09	5710511	5712011	62	64
SL4.0ch09	5718229	5719729	45	32
SL4.0ch09	5718229	5719729	45	32
SL4.0ch09	5734890	5736390	172	225
SL4.0ch09	6157679	6159179	5051	6754
SL4.0ch09	6157679	6159179	5051	6754
SL4.0ch09	7175594	7177094	51	39
SL4.0ch09	7421993	7423493	79	61
SL4.0ch09	8292910	8294410	36	36
SL4.0ch09	8641897	8643397	1178	2023
SL4.0ch09	8641897	8643397	1178	2023
SL4.0ch09	8742998	8744498	91	59
SL4.0ch09	8819099	8820599	257	1002
SL4.0ch09	12666718	12668218	73	56
SL4.0ch09	12666718	12668218	73	56
SL4.0ch09	14086638	14088138	116	134
SL4.0ch09	14086638	14088138	116	134
SL4.0ch09	14086638	14088138	116	134
SL4.0ch09	42354988	42356488	64	90
SL4.0ch09	46061064	46062564	74	76
SL4.0ch09	49957863	49959363	163	148
SL4.0ch09	50864177	50865677	135	182
SL4.0ch09	50954620	50956120	49	45
SL4.0ch09	54795594	54797094	61	57
SL4.0ch09	58119899	58121399	51	40
SL4.0ch09	58342404	58343904	1070	1729
SL4.0ch09	60062791	60064291	136	94
SL4.0ch09	60062791	60064291	136	94
SL4.0ch09	60119672	60121172	57	130
SL4.0ch09	60381993	60383493	104	60
SL4.0ch09	60899509	60901009	25	39
SL4.0ch09	60910872	60912372	54	30
SL4.0ch09	60962913	60964413	60	61
SL4.0ch09	61648976	61650476	63	28
SL4.0ch09	61648976	61650476	63	28
SL4.0ch09	62574687	62576187	54	72
SL4.0ch09	63455603	63457103	101	41
SL4.0ch09	63793161	63794661	76	34
SL4.0ch09	63793161	63794661	76	34
SL4.0ch09	64258081	64259581	97	51
SL4.0ch09	64258081	64259581	97	51
SL4.0ch09	64272317	64273817	77	59
SL4.0ch09	64272317	64273817	77	59
SL4.0ch09	64485706	64487206	72	46
SL4.0ch09	64556098	64557598	154	268
SL4.0ch09	64889077	64890577	58	84
SL4.0ch09	64889077	64890577	58	84
SL4.0ch09	64889077	64890577	58	84
SL4.0ch09	65040931	65042431	291	266
SL4.0ch09	65457344	65458844	120	81
SL4.0ch09	65744823	65746323	348	1271
SL4.0ch09	65749719	65751219	65	88
SL4.0ch09	65771577	65773077	72	80
SL4.0ch09	65835903	65837403	149	196
SL4.0ch09	65866395	65867895	51	32
SL4.0ch09	65866395	65867895	51	32
SL4.0ch09	66075240	66076740	89	106
SL4.0ch09	66075240	66076740	89	106
SL4.0ch09	66186163	66187663	117	181
SL4.0ch09	66297579	66299079	78	137
SL4.0ch09	66297579	66299079	78	137
SL4.0ch09	66435937	66437437	1284	1454
SL4.0ch09	66435937	66437437	1284	1454
SL4.0ch09	66470501	66472001	114	227
SL4.0ch09	66500084	66501584	45	44
SL4.0ch09	66840463	66841963	123	254
SL4.0ch09	67249132	67250632	84	112
SL4.0ch09	67392150	67393650	74	59
SL4.0ch09	67392150	67393650	74	59
SL4.0ch09	67626043	67627543	42	32
SL4.0ch09	67636630	67638130	106	90
SL4.0ch09	67664938	67666438	129	152
SL4.0ch09	67673079	67674579	294	865
SL4.0ch09	67684237	67685737	83	83
SL4.0ch09	67684237	67685737	83	83
SL4.0ch09	67684237	67685737	83	83
SL4.0ch09	67720290	67721790	64	156
SL4.0ch09	67723474	67724974	45	55
SL4.0ch09	67735120	67736620	47	40
SL4.0ch09	67742093	67743593	205	285
SL4.0ch09	67749483	67750983	176	340
SL4.0ch09	67987214	67988714	37	42
SL4.0ch09	2333542	2335042	39	41
SL4.0ch09	67992327	67993827	59	83
SL4.0ch10	64754556	64756056	64	50
SL4.0ch10	64754556	64756056	64	50
SL4.0ch10	96766	98266	93	128
SL4.0ch10	133773	135273	56	52
SL4.0ch10	133773	135273	56	52
SL4.0ch10	133773	135273	56	52
SL4.0ch10	228922	230422	65	29
SL4.0ch10	311620	313120	249	937
SL4.0ch10	344449	345949	72	90
SL4.0ch10	499887	501387	58	36
SL4.0ch10	805349	806849	5381	7001
SL4.0ch10	805349	806849	5381	7001
SL4.0ch10	805349	806849	5381	7001
SL4.0ch10	805349	806849	5381	7001
SL4.0ch10	805349	806849	5381	7001
SL4.0ch10	805349	806849	5381	7001
SL4.0ch10	857647	859147	46	95
SL4.0ch10	955602	957102	182	339
SL4.0ch10	1075355	1076855	70	60
SL4.0ch10	1194346	1195846	53	48
SL4.0ch10	1219667	1221167	5100	11139
SL4.0ch10	1311807	1313307	45	62
SL4.0ch10	1830137	1831637	5116	4756
SL4.0ch10	1830137	1831637	5116	4756
SL4.0ch10	1830137	1831637	5116	4756
SL4.0ch10	1830137	1831637	5116	4756
SL4.0ch10	1830137	1831637	5116	4756
SL4.0ch10	1830137	1831637	5116	4756
SL4.0ch10	1894297	1895797	43	53
SL4.0ch10	1982126	1983626	96	50
SL4.0ch10	1982126	1983626	96	50
SL4.0ch10	2062226	2063726	1958	3941
SL4.0ch10	2062226	2063726	1958	3941
SL4.0ch10	2294210	2295710	98	95
SL4.0ch10	2492992	2494492	63	63
SL4.0ch10	2625869	2627369	299	393
SL4.0ch10	2637574	2639074	43	42
SL4.0ch10	2637574	2639074	43	42
SL4.0ch10	2647119	2648619	93	123
SL4.0ch10	2808676	2810176	62	60
SL4.0ch10	2955108	2956608	48	24
SL4.0ch10	3325145	3326645	111	492
SL4.0ch10	4065345	4066845	75	68
SL4.0ch10	4365095	4366595	24	29
SL4.0ch10	4897185	4898685	92	142
SL4.0ch10	5179713	5181213	88	79
SL4.0ch10	5252617	5254117	90	153
SL4.0ch10	5277283	5278783	51	70
SL4.0ch10	5896719	5898219	859	1682
SL4.0ch10	13065944	13067444	34	36
SL4.0ch10	14441125	14442625	128	97
SL4.0ch10	14441125	14442625	128	97
SL4.0ch10	18765046	18766546	79	43
SL4.0ch10	19029828	19031328	88	105
SL4.0ch10	20329169	20330669	194	241
SL4.0ch10	20329169	20330669	194	241
SL4.0ch10	26406155	26407655	61	56
SL4.0ch10	33947078	33948578	200	274
SL4.0ch10	34026147	34027647	23	42
SL4.0ch10	39579446	39580946	54	35
SL4.0ch10	40408262	40409762	10	24
SL4.0ch10	40408262	40409762	10	24
SL4.0ch10	40446937	40448437	34	42
SL4.0ch10	40446937	40448437	34	42
SL4.0ch10	42922378	42923878	40	143
SL4.0ch10	42922378	42923878	40	143
SL4.0ch10	43276511	43278011	36	65
SL4.0ch10	43276511	43278011	36	65
SL4.0ch10	44267819	44269319	74	66
SL4.0ch10	44267819	44269319	74	66
SL4.0ch10	44509345	44510845	32	41
SL4.0ch10	44561466	44562966	32	28
SL4.0ch10	45329912	45331412	163	414
SL4.0ch10	45991897	45993397	160	324
SL4.0ch10	49448787	49450287	34	31
SL4.0ch10	51992345	51993845	55	45
SL4.0ch10	55781102	55782602	251	192
SL4.0ch10	56317726	56319226	250	390
SL4.0ch10	57172740	57174240	39	40
SL4.0ch10	57248416	57249916	67	83
SL4.0ch10	57272058	57273558	68	127
SL4.0ch10	57363494	57364994	120	101
SL4.0ch10	57391536	57393036	43	51
SL4.0ch10	57681739	57683239	703	984
SL4.0ch10	58320312	58321812	136	152
SL4.0ch10	58327759	58329259	54	32
SL4.0ch10	58481544	58483044	141	138
SL4.0ch10	58563045	58564545	166	144
SL4.0ch10	58698060	58699560	175	233
SL4.0ch10	58715784	58717284	55	35
SL4.0ch10	58876340	58877840	62	68
SL4.0ch10	59023239	59024739	55	53
SL4.0ch10	59043797	59045297	4215	7484
SL4.0ch10	59043797	59045297	4215	7484
SL4.0ch10	59129520	59131020	205	116
SL4.0ch10	59196325	59197825	81	62
SL4.0ch10	59201833	59203333	113	97
SL4.0ch10	59210405	59211905	87	52
SL4.0ch10	59275894	59277394	46	34
SL4.0ch10	59275894	59277394	46	34
SL4.0ch10	59352667	59354167	158	194
SL4.0ch10	59423101	59424601	300	447
SL4.0ch10	59481753	59483253	851	1527
SL4.0ch10	59678027	59679527	95	72
SL4.0ch10	59845011	59846511	75	60
SL4.0ch10	59918005	59919505	50	54
SL4.0ch10	59929248	59930748	90	81
SL4.0ch10	60096144	60097644	45	60
SL4.0ch10	60121031	60122531	126	101
SL4.0ch10	60166859	60168359	31	50
SL4.0ch10	60171606	60173106	40	26
SL4.0ch10	60215962	60217462	316	791
SL4.0ch10	60215962	60217462	316	791
SL4.0ch10	60215962	60217462	316	791
SL4.0ch10	60215962	60217462	316	791
SL4.0ch10	60215962	60217462	316	791
SL4.0ch10	60215962	60217462	316	791
SL4.0ch10	60315094	60316594	426	2119
SL4.0ch10	60315094	60316594	426	2119
SL4.0ch10	60315094	60316594	426	2119
SL4.0ch10	60315094	60316594	426	2119
SL4.0ch10	60315094	60316594	426	2119
SL4.0ch10	60357827	60359327	109	158
SL4.0ch10	60423461	60424961	556	497
SL4.0ch10	60676173	60677673	35	57
SL4.0ch10	60676173	60677673	35	57
SL4.0ch10	60699838	60701338	47	40
SL4.0ch10	60905114	60906614	47	35
SL4.0ch10	60997392	60998892	345	334
SL4.0ch10	61413273	61414773	238	365
SL4.0ch10	61647910	61649410	62	62
SL4.0ch10	61697547	61699047	43	25
SL4.0ch10	61921585	61923085	66	43
SL4.0ch10	61950555	61952055	975	1985
SL4.0ch10	62034048	62035548	28	22
SL4.0ch10	62336230	62337730	72	98
SL4.0ch10	62375752	62377252	42	52
SL4.0ch10	62375752	62377252	42	52
SL4.0ch10	62404948	62406448	301	259
SL4.0ch10	62623110	62624610	182	186
SL4.0ch10	62658115	62659615	247	743
SL4.0ch10	62753200	62754700	383	344
SL4.0ch10	62764094	62765594	80	135
SL4.0ch10	62964609	62966109	121	112
SL4.0ch10	63172863	63174363	41	36
SL4.0ch10	63172863	63174363	41	36
SL4.0ch10	63204753	63206253	42	79
SL4.0ch10	63257521	63259021	83	93
SL4.0ch10	63345784	63347284	79	95
SL4.0ch10	63352163	63353663	72	63
SL4.0ch10	63446479	63447979	60	91
SL4.0ch10	63446479	63447979	60	91
SL4.0ch10	63456949	63458449	97	85
SL4.0ch10	63456949	63458449	97	85
SL4.0ch10	63615567	63617067	127	160
SL4.0ch10	63653816	63655316	44	58
SL4.0ch10	63657941	63659441	14	6
SL4.0ch10	63665435	63666935	74	58
SL4.0ch10	63687650	63689150	543	788
SL4.0ch10	63727391	63728891	55	89
SL4.0ch10	63775574	63777074	153	194
SL4.0ch10	63775574	63777074	153	194
SL4.0ch10	63775574	63777074	153	194
SL4.0ch10	63799609	63801109	70	52
SL4.0ch10	63806202	63807702	107	165
SL4.0ch10	63893484	63894984	75	117
SL4.0ch10	64058732	64060232	105	99
SL4.0ch10	64064383	64065883	163	326
SL4.0ch10	64134303	64135803	67	55
SL4.0ch10	64276716	64278216	320	685
SL4.0ch10	64367524	64369024	121	136
SL4.0ch10	64371035	64372535	259	306
SL4.0ch10	64385626	64387126	81	86
SL4.0ch10	64385626	64387126	81	86
SL4.0ch10	64385626	64387126	81	86
SL4.0ch10	64385626	64387126	81	86
SL4.0ch10	64432140	64433640	62	131
SL4.0ch10	64461429	64462929	38	37
SL4.0ch10	64461429	64462929	38	37
SL4.0ch10	64470977	64472477	152	329
SL4.0ch10	64515949	64517449	442	1106
SL4.0ch10	64515949	64517449	442	1106
SL4.0ch10	63191037	63192537	81	132
SL4.0ch10	63196989	63198489	74	37
SL4.0ch10	63199307	63200807	35	35
SL4.0ch11	86730	88230	93	126
SL4.0ch11	86730	88230	93	126
SL4.0ch11	175852	177352	195	161
SL4.0ch11	431905	433405	60	54
SL4.0ch11	605716	607216	95	82
SL4.0ch11	620017	621517	100	155
SL4.0ch11	811676	813176	67	56
SL4.0ch11	811676	813176	67	56
SL4.0ch11	815797	817297	86	56
SL4.0ch11	815797	817297	86	56
SL4.0ch11	851230	852730	171	313
SL4.0ch11	928382	929882	61	22
SL4.0ch11	971092	972592	142	146
SL4.0ch11	1159467	1160967	82	90
SL4.0ch11	1254309	1255809	401	692
SL4.0ch11	1338819	1340319	100	52
SL4.0ch11	1338819	1340319	100	52
SL4.0ch11	1349741	1351241	88	63
SL4.0ch11	1483047	1484547	80	73
SL4.0ch11	1483047	1484547	80	73
SL4.0ch11	1671332	1672832	78	63
SL4.0ch11	1671332	1672832	78	63
SL4.0ch11	2226060	2227560	109	133
SL4.0ch11	2243527	2245027	88	91
SL4.0ch11	2250690	2252190	111	167
SL4.0ch11	3122001	3123501	72	59
SL4.0ch11	3160888	3162388	84	139
SL4.0ch11	3160888	3162388	84	139
SL4.0ch11	3179374	3180874	131	160
SL4.0ch11	3280566	3282066	123	203
SL4.0ch11	3303072	3304572	92	81
SL4.0ch11	3318874	3320374	164	61
SL4.0ch11	3318874	3320374	164	61
SL4.0ch11	3401357	3402857	92	113
SL4.0ch11	3567602	3569102	198	252
SL4.0ch11	3681795	3683295	75	94
SL4.0ch11	3769754	3771254	202	379
SL4.0ch11	3906633	3908133	48	33
SL4.0ch11	3906633	3908133	48	33
SL4.0ch11	4137155	4138655	84	149
SL4.0ch11	4337239	4338739	112	123
SL4.0ch11	4863972	4865472	90	53
SL4.0ch11	4988482	4989982	343	150
SL4.0ch11	5028211	5029711	49	45
SL4.0ch11	5046048	5047548	49	30
SL4.0ch11	5344614	5346114	34	108
SL4.0ch11	5386974	5388474	54	54
SL4.0ch11	5702285	5703785	2010	3219
SL4.0ch11	5912091	5913591	40	28
SL4.0ch11	5925857	5927357	244	308
SL4.0ch11	6090717	6092217	72	48
SL4.0ch11	6424598	6426098	36	32
SL4.0ch11	7997849	7999349	38	43
SL4.0ch11	8259675	8261175	58	70
SL4.0ch11	8341464	8342964	60	93
SL4.0ch11	8341464	8342964	60	93
SL4.0ch11	8972981	8974481	91	70
SL4.0ch11	8972981	8974481	91	70
SL4.0ch11	10107935	10109435	72	87
SL4.0ch11	10107935	10109435	72	87
SL4.0ch11	10107935	10109435	72	87
SL4.0ch11	22192310	22193810	129	280
SL4.0ch11	22216747	22218247	71	62
SL4.0ch11	26490252	26491752	95	96
SL4.0ch11	26490252	26491752	95	96
SL4.0ch11	41613783	41615283	88	105
SL4.0ch11	40817216	40818716	18	31
SL4.0ch11	40817216	40818716	18	31
SL4.0ch11	38712714	38714214	52	34
SL4.0ch11	38712714	38714214	52	34
SL4.0ch11	38538534	38540034	56	29
SL4.0ch11	38538534	38540034	56	29
SL4.0ch11	38538534	38540034	56	29
SL4.0ch11	34358336	34359836	111	171
SL4.0ch11	32863333	32864833	46	42
SL4.0ch11	32863333	32864833	46	42
SL4.0ch11	31457431	31458931	55	75
SL4.0ch11	30908798	30910298	49	39
SL4.0ch11	28084398	28085898	97	82
SL4.0ch11	15932297	15933797	43	26
SL4.0ch11	47104826	47106326	61	51
SL4.0ch11	47356675	47358175	112	64
SL4.0ch11	47397195	47398695	120	190
SL4.0ch11	47397195	47398695	120	190
SL4.0ch11	47397195	47398695	120	190
SL4.0ch11	48349928	48351428	431	1228
SL4.0ch11	48364321	48365821	307	575
SL4.0ch11	48661788	48663288	63	44
SL4.0ch11	48661788	48663288	63	44
SL4.0ch11	48879966	48881466	38	51
SL4.0ch11	48886930	48888430	15	35
SL4.0ch11	48926747	48928247	40	52
SL4.0ch11	48953927	48955427	35	23
SL4.0ch11	48963078	48964578	43	37
SL4.0ch11	49163727	49165227	101	110
SL4.0ch11	49163727	49165227	101	110
SL4.0ch11	49163727	49165227	101	110
SL4.0ch11	49447721	49449221	634	583
SL4.0ch11	49447721	49449221	634	583
SL4.0ch11	49616399	49617899	70	79
SL4.0ch11	49782684	49784184	109	103
SL4.0ch11	49782684	49784184	109	103
SL4.0ch11	49782684	49784184	109	103
SL4.0ch11	49782684	49784184	109	103
SL4.0ch11	49817661	49819161	68	40
SL4.0ch11	49817661	49819161	68	40
SL4.0ch11	49817661	49819161	68	40
SL4.0ch11	49817661	49819161	68	40
SL4.0ch11	50363286	50364786	37	50
SL4.0ch11	50748325	50749825	235	201
SL4.0ch11	50993063	50994563	49	49
SL4.0ch11	50993063	50994563	49	49
SL4.0ch11	51231244	51232744	93	74
SL4.0ch11	51685506	51687006	137	216
SL4.0ch11	51734520	51736020	122	136
SL4.0ch11	52095891	52097391	425	468
SL4.0ch11	52110480	52111980	101	134
SL4.0ch11	52255590	52257090	209	211
SL4.0ch11	52719689	52721189	37	15
SL4.0ch11	52735151	52736651	55	59
SL4.0ch11	53032913	53034413	48	63
SL4.0ch11	53254854	53256354	518	1517
SL4.0ch11	53456160	53457660	100	91
SL4.0ch11	53523697	53525197	119	108
SL4.0ch11	53573618	53575118	83	104
SL4.0ch11	53803066	53804566	35	25
SL4.0ch11	53803066	53804566	35	25
SL4.0ch11	53807754	53809254	44	43
SL4.0ch11	53807754	53809254	44	43
SL4.0ch11	53813908	53815408	36	35
SL4.0ch11	53813908	53815408	36	35
SL4.0ch11	53947497	53948997	160	110
SL4.0ch11	53966146	53967646	181	251
SL4.0ch11	54019256	54020756	101	53
SL4.0ch12	40002	41502	309	706
SL4.0ch12	124645	126145	87	165
SL4.0ch12	129534	131034	79	60
SL4.0ch12	215663	217163	46	73
SL4.0ch12	226061	227561	91	118
SL4.0ch12	262793	264293	51	49
SL4.0ch12	364437	365937	926	1435
SL4.0ch12	364437	365937	926	1435
SL4.0ch12	402077	403577	67	96
SL4.0ch12	439542	441042	100	86
SL4.0ch12	574843	576343	56	54
SL4.0ch12	596507	598007	182	185
SL4.0ch12	624146	625646	41	46
SL4.0ch12	653769	655269	187	217
SL4.0ch12	653769	655269	187	217
SL4.0ch12	703139	704639	4503	11912
SL4.0ch12	703139	704639	4503	11912
SL4.0ch12	703139	704639	4503	11912
SL4.0ch12	703139	704639	4503	11912
SL4.0ch12	703139	704639	4503	11912
SL4.0ch12	703139	704639	4503	11912
SL4.0ch12	703139	704639	4503	11912
SL4.0ch12	703139	704639	4503	11912
SL4.0ch12	703139	704639	4503	11912
SL4.0ch12	703139	704639	4503	11912
SL4.0ch12	703139	704639	4503	11912
SL4.0ch12	770986	772486	175	207
SL4.0ch12	816134	817634	14	20
SL4.0ch12	816134	817634	14	20
SL4.0ch12	844510	846010	2	6
SL4.0ch12	844510	846010	2	6
SL4.0ch12	1080532	1082032	296	457
SL4.0ch12	1080532	1082032	296	457
SL4.0ch12	1517832	1519332	559	471
SL4.0ch12	1517832	1519332	559	471
SL4.0ch12	1554856	1556356	57	36
SL4.0ch12	1645528	1647028	43	33
SL4.0ch12	1645528	1647028	43	33
SL4.0ch12	1679764	1681264	42	32
SL4.0ch12	1679764	1681264	42	32
SL4.0ch12	1679764	1681264	42	32
SL4.0ch12	1684225	1685725	60	39
SL4.0ch12	1684225	1685725	60	39
SL4.0ch12	1684225	1685725	60	39
SL4.0ch12	1688391	1689891	57	30
SL4.0ch12	1688391	1689891	57	30
SL4.0ch12	1688391	1689891	57	30
SL4.0ch12	1783113	1784613	40	41
SL4.0ch12	2018551	2020051	102	160
SL4.0ch12	2045436	2046936	133	265
SL4.0ch12	2045436	2046936	133	265
SL4.0ch12	2087559	2089059	535	439
SL4.0ch12	2339794	2341294	126	162
SL4.0ch12	2397235	2398735	493	795
SL4.0ch12	2539920	2541420	465	895
SL4.0ch12	2539920	2541420	465	895
SL4.0ch12	2539920	2541420	465	895
SL4.0ch12	2539920	2541420	465	895
SL4.0ch12	2539920	2541420	465	895
SL4.0ch12	2642867	2644367	93	80
SL4.0ch12	2670125	2671625	46	33
SL4.0ch12	2755188	2756688	37	32
SL4.0ch12	2755188	2756688	37	32
SL4.0ch12	2825638	2827138	33	37
SL4.0ch12	2831270	2832770	184	255
SL4.0ch12	3011923	3013423	118	61
SL4.0ch12	3028459	3029959	69	101
SL4.0ch12	3305603	3307103	2476	3292
SL4.0ch12	3305603	3307103	2476	3292
SL4.0ch12	3305603	3307103	2476	3292
SL4.0ch12	3352800	3354300	52	46
SL4.0ch12	3515195	3516695	67	59
SL4.0ch12	3664633	3666133	101	138
SL4.0ch12	3664633	3666133	101	138
SL4.0ch12	3822491	3823991	113	88
SL4.0ch12	3925931	3927431	52	24
SL4.0ch12	3925931	3927431	52	24
SL4.0ch12	3925931	3927431	52	24
SL4.0ch12	3933682	3935182	31	53
SL4.0ch12	3933682	3935182	31	53
SL4.0ch12	3933682	3935182	31	53
SL4.0ch12	4075214	4076714	145	103
SL4.0ch12	4184131	4185631	3250	3648
SL4.0ch12	4184131	4185631	3250	3648
SL4.0ch12	4184131	4185631	3250	3648
SL4.0ch12	4184131	4185631	3250	3648
SL4.0ch12	4184131	4185631	3250	3648
SL4.0ch12	4184131	4185631	3250	3648
SL4.0ch12	4248798	4250298	59	136
SL4.0ch12	4265515	4267015	108	84
SL4.0ch12	4265515	4267015	108	84
SL4.0ch12	4304918	4306418	3763	3478
SL4.0ch12	4304918	4306418	3763	3478
SL4.0ch12	4304918	4306418	3763	3478
SL4.0ch12	4304918	4306418	3763	3478
SL4.0ch12	4304918	4306418	3763	3478
SL4.0ch12	4304918	4306418	3763	3478
SL4.0ch12	4304918	4306418	3763	3478
SL4.0ch12	4304918	4306418	3763	3478
SL4.0ch12	4304918	4306418	3763	3478
SL4.0ch12	4304918	4306418	3763	3478
SL4.0ch12	4304918	4306418	3763	3478
SL4.0ch12	4548613	4550113	77	119
SL4.0ch12	4585567	4587067	284	341
SL4.0ch12	4591513	4593013	2154	4765
SL4.0ch12	4631085	4632585	72	43
SL4.0ch12	5071491	5072991	63	201
SL4.0ch12	5423621	5425121	77	57
SL4.0ch12	5441431	5442931	68	118
SL4.0ch12	5787296	5788796	58	75
SL4.0ch12	6470213	6471713	87	56
SL4.0ch12	6470213	6471713	87	56
SL4.0ch12	6470213	6471713	87	56
SL4.0ch12	6692744	6694244	28	29
SL4.0ch12	6692744	6694244	28	29
SL4.0ch12	6692744	6694244	28	29
SL4.0ch12	6733941	6735441	67	141
SL4.0ch12	9249987	9251487	35	28
SL4.0ch12	9249987	9251487	35	28
SL4.0ch12	9335020	9336520	55	26
SL4.0ch12	9335020	9336520	55	26
SL4.0ch12	9377480	9378980	37	30
SL4.0ch12	9377480	9378980	37	30
SL4.0ch12	9546322	9547822	28	47
SL4.0ch12	9546322	9547822	28	47
SL4.0ch12	9787647	9789147	59	46
SL4.0ch12	9787647	9789147	59	46
SL4.0ch12	9795697	9797197	57	31
SL4.0ch12	9795697	9797197	57	31
SL4.0ch12	10371774	10373274	31	43
SL4.0ch12	10667576	10669076	50	117
SL4.0ch12	28244931	28246431	119	113
SL4.0ch12	45548508	45550008	36	25
SL4.0ch12	45548508	45550008	36	25
SL4.0ch12	45548508	45550008	36	25
SL4.0ch12	55032391	55033891	38	68
SL4.0ch12	56720498	56721998	210	441
SL4.0ch12	57012991	57014491	148	238
SL4.0ch12	57012991	57014491	148	238
SL4.0ch12	57039249	57040749	38	44
SL4.0ch12	57039249	57040749	38	44
SL4.0ch12	57051236	57052736	52	48
SL4.0ch12	57051236	57052736	52	48
SL4.0ch12	57064765	57066265	36	37
SL4.0ch12	57064765	57066265	36	37
SL4.0ch12	57069940	57071440	53	45
SL4.0ch12	57069940	57071440	53	45
SL4.0ch12	57305747	57307247	37	47
SL4.0ch12	57330399	57331899	66	50
SL4.0ch12	57418375	57419875	205	156
SL4.0ch12	57583654	57585154	87	86
SL4.0ch12	58402508	58404008	72	28
SL4.0ch12	58402508	58404008	72	28
SL4.0ch12	58402508	58404008	72	28
SL4.0ch12	58416953	58418453	56	49
SL4.0ch12	58416953	58418453	56	49
SL4.0ch12	58416953	58418453	56	49
SL4.0ch12	58793186	58794686	78	46
SL4.0ch12	58803377	58804877	123	226
SL4.0ch12	58812120	58813620	1431	2009
SL4.0ch12	58812120	58813620	1431	2009
SL4.0ch12	58848227	58849727	82	78
SL4.0ch12	58848227	58849727	82	78
SL4.0ch12	58908800	58910300	520	364
SL4.0ch12	59896241	59897741	50	44
SL4.0ch12	60009582	60011082	58	30
SL4.0ch12	60049054	60050554	97	169
SL4.0ch12	60461924	60463424	90	73
SL4.0ch12	60563793	60565293	45	29
SL4.0ch12	61434922	61436422	494	574
SL4.0ch12	61572484	61573984	134	120
SL4.0ch12	61579076	61580576	71	26
SL4.0ch12	61581734	61583234	74	30
SL4.0ch12	61584682	61586182	56	43
SL4.0ch12	61747406	61748906	37	49
SL4.0ch12	61935841	61937341	115	326
SL4.0ch12	61949281	61950781	235	605
SL4.0ch12	62117394	62118894	580	588
SL4.0ch12	62523916	62525416	61	43
SL4.0ch12	62526570	62528070	2535	4237
SL4.0ch12	62728453	62729953	406	460
SL4.0ch12	62747191	62748691	159	113
SL4.0ch12	62749398	62750898	88	36
SL4.0ch12	62757048	62758548	350	194
SL4.0ch12	62811609	62813109	552	448
SL4.0ch12	33937903	33939403	27	20
SL4.0ch12	21787860	21789360	44	36
SL4.0ch12	63373356	63374856	131	89
SL4.0ch12	63389171	63390671	98	138
SL4.0ch12	63394324	63395824	51	67
SL4.0ch12	63394324	63395824	51	67
SL4.0ch12	63404150	63405650	48	52
SL4.0ch12	63404150	63405650	48	52
SL4.0ch12	63406348	63407848	40	31
SL4.0ch12	63412531	63414031	91	62
SL4.0ch12	63412531	63414031	91	62
SL4.0ch12	63417123	63418623	39	29
SL4.0ch12	63417123	63418623	39	29
SL4.0ch12	63708503	63710003	33	57
SL4.0ch12	63820886	63822386	74	111
SL4.0ch12	63866318	63867818	93	114
SL4.0ch12	63866318	63867818	93	114
SL4.0ch12	63897428	63898928	189	216
SL4.0ch12	63897428	63898928	189	216
SL4.0ch12	64061277	64062777	44	55
SL4.0ch12	64061277	64062777	44	55
SL4.0ch12	64116176	64117676	53	101
SL4.0ch12	64261906	64263406	27	25
SL4.0ch12	64261906	64263406	27	25
SL4.0ch12	64296368	64297868	137	265
SL4.0ch12	64319292	64320792	22	37
SL4.0ch12	64449021	64450521	55	40
SL4.0ch12	64449021	64450521	55	40
SL4.0ch12	64499461	64500961	70	40
SL4.0ch12	64589958	64591458	42	34
SL4.0ch12	64616535	64618035	105	120
SL4.0ch12	64740796	64742296	50	37
SL4.0ch12	64830785	64832285	63	75
SL4.0ch12	64843663	64845163	54	31
SL4.0ch12	64912638	64914138	131	122
SL4.0ch12	64912638	64914138	131	122
SL4.0ch12	64912638	64914138	131	122
SL4.0ch12	64912638	64914138	131	122
SL4.0ch12	64916755	64918255	595	1034
SL4.0ch12	65026959	65028459	67	67
SL4.0ch12	65026959	65028459	67	67
SL4.0ch12	65041351	65042851	25	26
SL4.0ch12	65041351	65042851	25	26
SL4.0ch12	65046022	65047522	52	40
SL4.0ch12	65046022	65047522	52	40
SL4.0ch12	65051772	65053272	93	103
SL4.0ch12	65051772	65053272	93	103
SL4.0ch12	65099746	65101246	48	162
SL4.0ch12	65099746	65101246	48	162
SL4.0ch12	65102098	65103598	115	319
SL4.0ch12	65102098	65103598	115	319
SL4.0ch12	65137115	65138615	119	98
SL4.0ch12	65533259	65534759	104	110
SL4.0ch12	65561795	65563295	36	40
SL4.0ch12	65575049	65576549	120	62
SL4.0ch12	65576004	65577504	75	64
SL4.0ch12	65583278	65584778	205	267
SL4.0ch12	65583278	65584778	205	267
SL4.0ch12	65626355	65627855	71	50
SL4.0ch12	65800247	65801747	140	202
SL4.0ch12	65800247	65801747	140	202
SL4.0ch12	65800247	65801747	140	202
SL4.0ch12	65880960	65882460	19	34
SL4.0ch12	66095119	66096619	110	152
SL4.0ch12	66228541	66230041	84	96
SL4.0ch12	66228541	66230041	84	96
SL4.0ch12	66258055	66259555	36	21
SL4.0ch12	66280361	66281861	40	64
SL4.0ch12	66361306	66362806	96	70
SL4.0ch12	66361306	66362806	96	70
SL4.0ch12	66380267	66381767	53	85
SL4.0ch12	66431135	66432635	90	96
SL4.0ch12	66446165	66447665	154	143
SL4.0ch12	66452086	66453586	270	278
SL4.0ch12	66460044	66461544	44	25
SL4.0ch12	66464472	66465972	204	87
